      #Energy        tdos
     -56.78043       0.00000
     -56.71943       0.00000
     -56.65843       0.00000
     -56.59743       0.00000
     -56.53643       0.00000
     -56.47543       0.00000
     -56.41443       0.00000
     -56.35343       0.00000
     -56.29243       0.00000
     -56.23043       0.00000
     -56.16943       0.00000
     -56.10843       0.00004
     -56.04743       0.00115
     -55.98643       0.01881
     -55.92543       0.16724
     -55.86443       0.85323
     -55.80343       2.65972
     -55.74243       5.47586
     -55.68143       8.20620
     -55.62043      10.04719
     -55.55943      11.12034
     -55.49843      11.70399
     -55.43743      11.93752
     -55.37643      11.99262
     -55.31543      11.99954
     -55.25343      11.99998
     -55.19243      12.00000
     -55.13143      12.00000
     -55.07043      12.00000
     -55.00943      12.00000
     -54.94843      12.00000
     -54.88743      12.00000
     -54.82643      12.00000
     -54.76543      12.00000
     -54.70443      12.00000
     -54.64343      12.00000
     -54.58243      12.00000
     -54.52143      12.00000
     -54.46043      12.00000
     -54.39943      12.00000
     -54.33843      12.00000
     -54.27643      12.00000
     -54.21543      12.00000
     -54.15443      12.00000
     -54.09343      12.00000
     -54.03243      12.00000
     -53.97143      12.00000
     -53.91043      12.00000
     -53.84943      12.00000
     -53.78843      12.00000
     -53.72743      12.00000
     -53.66643      12.00000
     -53.60543      12.00000
     -53.54443      12.00000
     -53.48343      12.00000
     -53.42243      12.00000
     -53.36143      12.00000
     -53.30043      12.00000
     -53.23843      12.00000
     -53.17743      12.00000
     -53.11643      12.00000
     -53.05543      12.00000
     -52.99443      12.00000
     -52.93343      12.00000
     -52.87243      12.00000
     -52.81143      12.00000
     -52.75043      12.00000
     -52.68943      12.00000
     -52.62843      12.00000
     -52.56743      12.00000
     -52.50643      12.00000
     -52.44543      12.00000
     -52.38443      12.00000
     -52.32343      12.00000
     -52.26143      12.00000
     -52.20043      12.00000
     -52.13943      12.00000
     -52.07843      12.00000
     -52.01743      12.00000
     -51.95643      12.00000
     -51.89543      12.00000
     -51.83443      12.00000
     -51.77343      12.00000
     -51.71243      12.00000
     -51.65143      12.00000
     -51.59043      12.00000
     -51.52943      12.00000
     -51.46843      12.00000
     -51.40743      12.00000
     -51.34643      12.00000
     -51.28543      12.00000
     -51.22343      12.00000
     -51.16243      12.00000
     -51.10143      12.00000
     -51.04043      12.00000
     -50.97943      12.00000
     -50.91843      12.00000
     -50.85743      12.00000
     -50.79643      12.00000
     -50.73543      12.00000
     -50.67443      12.00000
     -50.61343      12.00000
     -50.55243      12.00000
     -50.49143      12.00000
     -50.43043      12.00000
     -50.36943      12.00000
     -50.30843      12.00000
     -50.24643      12.00000
     -50.18543      12.00000
     -50.12443      12.00000
     -50.06343      12.00000
     -50.00243      12.00000
     -49.94143      12.00000
     -49.88043      12.00000
     -49.81943      12.00000
     -49.75843      12.00000
     -49.69743      12.00000
     -49.63643      12.00014
     -49.57543      12.00286
     -49.51443      12.03043
     -49.45343      12.17407
     -49.39243      12.57158
     -49.33143      13.17526
     -49.26943      13.68854
     -49.20843      13.93849
     -49.14743      14.06456
     -49.08643      14.35481
     -49.02543      15.11786
     -48.96443      16.56165
     -48.90343      18.60567
     -48.84243      20.79226
     -48.78143      22.67813
     -48.72043      24.17077
     -48.65943      25.22835
     -48.59843      25.78101
     -48.53743      25.96279
     -48.47643      25.99695
     -48.41543      26.00039
     -48.35443      26.00057
     -48.29343      26.00057
     -48.23143      26.00057
     -48.17043      26.00057
     -48.10943      26.00057
     -48.04843      26.00057
     -47.98743      26.00057
     -47.92643      26.00057
     -47.86543      26.00057
     -47.80443      26.00057
     -47.74343      26.00057
     -47.68243      26.00057
     -47.62143      26.00057
     -47.56043      26.00057
     -47.49943      26.00057
     -47.43843      26.00057
     -47.37743      26.00057
     -47.31643      26.00057
     -47.25443      26.00057
     -47.19343      26.00057
     -47.13243      26.00057
     -47.07143      26.00057
     -47.01043      26.00057
     -46.94943      26.00057
     -46.88843      26.00057
     -46.82743      26.00057
     -46.76643      26.00057
     -46.70543      26.00057
     -46.64443      26.00057
     -46.58343      26.00057
     -46.52243      26.00057
     -46.46143      26.00057
     -46.40043      26.00057
     -46.33943      26.00057
     -46.27743      26.00057
     -46.21643      26.00057
     -46.15543      26.00057
     -46.09443      26.00057
     -46.03343      26.00057
     -45.97243      26.00057
     -45.91143      26.00057
     -45.85043      26.00057
     -45.78943      26.00057
     -45.72843      26.00057
     -45.66743      26.00057
     -45.60643      26.00057
     -45.54543      26.00057
     -45.48443      26.00057
     -45.42343      26.00057
     -45.36243      26.00057
     -45.30143      26.00057
     -45.23943      26.00057
     -45.17843      26.00057
     -45.11743      26.00057
     -45.05643      26.00057
     -44.99543      26.00057
     -44.93443      26.00057
     -44.87343      26.00057
     -44.81243      26.00057
     -44.75143      26.00057
     -44.69043      26.00057
     -44.62943      26.00057
     -44.56843      26.00057
     -44.50743      26.00057
     -44.44643      26.00057
     -44.38543      26.00057
     -44.32443      26.00057
     -44.26243      26.00057
     -44.20143      26.00057
     -44.14043      26.00057
     -44.07943      26.00057
     -44.01843      26.00057
     -43.95743      26.00057
     -43.89643      26.00057
     -43.83543      26.00057
     -43.77443      26.00057
     -43.71343      26.00057
     -43.65243      26.00057
     -43.59143      26.00057
     -43.53043      26.00057
     -43.46943      26.00057
     -43.40843      26.00057
     -43.34743      26.00057
     -43.28643      26.00057
     -43.22443      26.00057
     -43.16343      26.00057
     -43.10243      26.00057
     -43.04143      26.00057
     -42.98043      26.00057
     -42.91943      26.00057
     -42.85843      26.00057
     -42.79743      26.00057
     -42.73643      26.00057
     -42.67543      26.00057
     -42.61443      26.00057
     -42.55343      26.00057
     -42.49243      26.00057
     -42.43143      26.00057
     -42.37043      26.00057
     -42.30943      26.00057
     -42.24743      26.00057
     -42.18643      26.00057
     -42.12543      26.00057
     -42.06443      26.00057
     -42.00343      26.00057
     -41.94243      26.00057
     -41.88143      26.00057
     -41.82043      26.00057
     -41.75943      26.00057
     -41.69843      26.00057
     -41.63743      26.00057
     -41.57643      26.00057
     -41.51543      26.00057
     -41.45443      26.00057
     -41.39343      26.00057
     -41.33243      26.00057
     -41.27043      26.00057
     -41.20943      26.00057
     -41.14843      26.00057
     -41.08743      26.00057
     -41.02643      26.00057
     -40.96543      26.00057
     -40.90443      26.00057
     -40.84343      26.00057
     -40.78243      26.00057
     -40.72143      26.00057
     -40.66043      26.00057
     -40.59943      26.00057
     -40.53843      26.00057
     -40.47743      26.00057
     -40.41643      26.00057
     -40.35543      26.00057
     -40.29443      26.00057
     -40.23243      26.00057
     -40.17143      26.00057
     -40.11043      26.00057
     -40.04943      26.00057
     -39.98843      26.00057
     -39.92743      26.00058
     -39.86643      26.00104
     -39.80543      26.00811
     -39.74443      26.06368
     -39.68343      26.29101
     -39.62243      26.79791
     -39.56143      27.49096
     -39.50043      28.40077
     -39.43943      30.21581
     -39.37843      33.69507
     -39.31743      38.59338
     -39.25543      44.00981
     -39.19443      49.42348
     -39.13343      54.51536
     -39.07243      58.53348
     -39.01143      60.85289
     -38.95043      61.74884
     -38.88943      61.96673
     -38.82843      61.99820
     -38.76743      62.00074
     -38.70643      62.00085
     -38.64543      62.00085
     -38.58443      62.00085
     -38.52343      62.00085
     -38.46243      62.00085
     -38.40143      62.00085
     -38.34043      62.00085
     -38.27843      62.00085
     -38.21743      62.00085
     -38.15643      62.00085
     -38.09543      62.00085
     -38.03443      62.00085
     -37.97343      62.00085
     -37.91243      62.00085
     -37.85143      62.00085
     -37.79043      62.00085
     -37.72943      62.00085
     -37.66843      62.00085
     -37.60743      62.00085
     -37.54643      62.00085
     -37.48543      62.00085
     -37.42443      62.00085
     -37.36343      62.00085
     -37.30243      62.00085
     -37.24043      62.00085
     -37.17943      62.00085
     -37.11843      62.00085
     -37.05743      62.00085
     -36.99643      62.00085
     -36.93543      62.00085
     -36.87443      62.00085
     -36.81343      62.00085
     -36.75243      62.00085
     -36.69143      62.00085
     -36.63043      62.00085
     -36.56943      62.00085
     -36.50843      62.00085
     -36.44743      62.00085
     -36.38643      62.00085
     -36.32543      62.00085
     -36.26343      62.00085
     -36.20243      62.00086
     -36.14143      62.00121
     -36.08043      62.00698
     -36.01943      62.05708
     -35.95843      62.29736
     -35.89743      63.00893
     -35.83643      64.51042
     -35.77543      67.00111
     -35.71443      70.28833
     -35.65343      73.78194
     -35.59243      77.11740
     -35.53143      80.32707
     -35.47043      83.30319
     -35.40943      85.84638
     -35.34843      88.07083
     -35.28743      90.35208
     -35.22543      92.87848
     -35.16443      95.28245
     -35.10343      96.96102
     -35.04243      97.74104
     -34.98143      97.96218
     -34.92043      97.99754
     -34.85943      98.00055
     -34.79843      98.00068
     -34.73743      98.00068
     -34.67643      98.00068
     -34.61543      98.00068
     -34.55443      98.00068
     -34.49343      98.00068
     -34.43243      98.00068
     -34.37143      98.00068
     -34.31043      98.00068
     -34.24843      98.00068
     -34.18743      98.00068
     -34.12643      98.00068
     -34.06543      98.00068
     -34.00443      98.00068
     -33.94343      98.00068
     -33.88243      98.00068
     -33.82143      98.00068
     -33.76043      98.00068
     -33.69943      98.00068
     -33.63843      98.00068
     -33.57743      98.00068
     -33.51643      98.00068
     -33.45543      98.00068
     -33.39443      98.00068
     -33.33343      98.00068
     -33.27143      98.00068
     -33.21043      98.00068
     -33.14943      98.00068
     -33.08843      98.00068
     -33.02743      98.00068
     -32.96643      98.00068
     -32.90543      98.00068
     -32.84443      98.00068
     -32.78343      98.00068
     -32.72243      98.00068
     -32.66143      98.00068
     -32.60043      98.00068
     -32.53943      98.00068
     -32.47843      98.00069
     -32.41743      98.00092
     -32.35643      98.00541
     -32.29543      98.05115
     -32.23343      98.30656
     -32.17243      99.14640
     -32.11143     100.93823
     -32.05043     103.76719
     -31.98943     107.56000
     -31.92843     112.14691
     -31.86743     117.07270
     -31.80643     121.82600
     -31.74543     126.13630
     -31.68443     129.73829
     -31.62343     132.23478
     -31.56243     133.51645
     -31.50143     134.05253
     -31.44043     134.53305
     -31.37943     135.41508
     -31.31843     136.97885
     -31.25643     139.46679
     -31.19543     142.70516
     -31.13443     145.99788
     -31.07343     148.69403
     -31.01243     150.52220
     -30.95143     151.54283
     -30.89043     152.17753
     -30.82943     153.29797
     -30.76843     155.87353
     -30.70743     160.00492
     -30.64643     164.47154
     -30.58543     167.75998
     -30.52443     169.38420
     -30.46343     169.92481
     -30.40243     170.22379
     -30.34143     170.98571
     -30.27943     172.52445
     -30.21843     174.30438
     -30.15743     175.47553
     -30.09643     175.90574
     -30.03543     175.99112
     -29.97443     175.99999
     -29.91343     176.00046
     -29.85243     176.00047
     -29.79143     176.00047
     -29.73043     176.00047
     -29.66943     176.00047
     -29.60843     176.00047
     -29.54743     176.00047
     -29.48643     176.00047
     -29.42543     176.00047
     -29.36443     176.00047
     -29.30343     176.00047
     -29.24143     176.00047
     -29.18043     176.00047
     -29.11943     176.00047
     -29.05843     176.00047
     -28.99743     176.00047
     -28.93643     176.00047
     -28.87543     176.00047
     -28.81443     176.00047
     -28.75343     176.00047
     -28.69243     176.00047
     -28.63143     176.00047
     -28.57043     176.00047
     -28.50943     176.00047
     -28.44843     176.00047
     -28.38743     176.00047
     -28.32643     176.00047
     -28.26443     176.00047
     -28.20343     176.00047
     -28.14243     176.00047
     -28.08143     176.00047
     -28.02043     176.00047
     -27.95943     176.00075
     -27.89843     176.00627
     -27.83743     176.06380
     -27.77643     176.38315
     -27.71543     177.35701
     -27.65443     179.03649
     -27.59343     180.71506
     -27.53243     181.77630
     -27.47143     182.59788
     -27.41043     184.13631
     -27.34943     187.07549
     -27.28843     191.44288
     -27.22643     196.69413
     -27.16543     201.94355
     -27.10443     206.45291
     -27.04343     210.00880
     -26.98243     212.69335
     -26.92143     214.65249
     -26.86043     216.05965
     -26.79943     217.05403
     -26.73843     217.66473
     -26.67743     217.92561
     -26.61643     217.99093
     -26.55543     217.99968
     -26.49443     218.00028
     -26.43343     218.00030
     -26.37243     218.00030
     -26.31143     218.00030
     -26.24943     218.00030
     -26.18843     218.00030
     -26.12743     218.00030
     -26.06643     218.00030
     -26.00543     218.00030
     -25.94443     218.00030
     -25.88343     218.00030
     -25.82243     218.00030
     -25.76143     218.00030
     -25.70043     218.00030
     -25.63943     218.00030
     -25.57843     218.00030
     -25.51743     218.00030
     -25.45643     218.00030
     -25.39543     218.00030
     -25.33443     218.00030
     -25.27243     218.00030
     -25.21143     218.00030
     -25.15043     218.00030
     -25.08943     218.00030
     -25.02843     218.00030
     -24.96743     218.00030
     -24.90643     218.00030
     -24.84543     218.00030
     -24.78443     218.00030
     -24.72343     218.00030
     -24.66243     218.00030
     -24.60143     218.00030
     -24.54043     218.00030
     -24.47943     218.00030
     -24.41843     218.00030
     -24.35743     218.00030
     -24.29643     218.00030
     -24.23443     218.00030
     -24.17343     218.00030
     -24.11243     218.00030
     -24.05143     218.00030
     -23.99043     218.00030
     -23.92943     218.00030
     -23.86843     218.00030
     -23.80743     218.00030
     -23.74643     218.00030
     -23.68543     218.00030
     -23.62443     218.00030
     -23.56343     218.00030
     -23.50243     218.00030
     -23.44143     218.00030
     -23.38043     218.00030
     -23.31943     218.00030
     -23.25743     218.00030
     -23.19643     218.00030
     -23.13543     218.00030
     -23.07443     218.00030
     -23.01343     218.00030
     -22.95243     218.00030
     -22.89143     218.00030
     -22.83043     218.00030
     -22.76943     218.00030
     -22.70843     218.00030
     -22.64743     218.00030
     -22.58643     218.00030
     -22.52543     218.00030
     -22.46443     218.00030
     -22.40343     218.00030
     -22.34243     218.00030
     -22.28143     218.00030
     -22.21943     218.00030
     -22.15843     218.00030
     -22.09743     218.00030
     -22.03643     218.00030
     -21.97543     218.00030
     -21.91443     218.00030
     -21.85343     218.00030
     -21.79243     218.00030
     -21.73143     218.00030
     -21.67043     218.00030
     -21.60943     218.00030
     -21.54843     218.00030
     -21.48743     218.00030
     -21.42643     218.00030
     -21.36543     218.00030
     -21.30443     218.00030
     -21.24243     218.00030
     -21.18143     218.00030
     -21.12043     218.00030
     -21.05943     218.00030
     -20.99843     218.00030
     -20.93743     218.00030
     -20.87643     218.00030
     -20.81543     218.00030
     -20.75443     218.00030
     -20.69343     218.00030
     -20.63243     218.00030
     -20.57143     218.00030
     -20.51043     218.00030
     -20.44943     218.00030
     -20.38843     218.00030
     -20.32743     218.00030
     -20.26543     218.00030
     -20.20443     218.00030
     -20.14343     218.00030
     -20.08243     218.00030
     -20.02143     218.00030
     -19.96043     218.00030
     -19.89943     218.00030
     -19.83843     218.00030
     -19.77743     218.00030
     -19.71643     218.00030
     -19.65543     218.00030
     -19.59443     218.00030
     -19.53343     218.00030
     -19.47243     218.00030
     -19.41143     218.00030
     -19.35043     218.00030
     -19.28943     218.00030
     -19.22743     218.00030
     -19.16643     218.00030
     -19.10543     218.00030
     -19.04443     218.00030
     -18.98343     218.00030
     -18.92243     218.00030
     -18.86143     218.00030
     -18.80043     218.00030
     -18.73943     218.00030
     -18.67843     218.00030
     -18.61743     218.00030
     -18.55643     218.00030
     -18.49543     218.00030
     -18.43443     218.00030
     -18.37343     218.00030
     -18.31243     218.00030
     -18.25043     218.00030
     -18.18943     218.00030
     -18.12843     218.00030
     -18.06743     218.00030
     -18.00643     218.00030
     -17.94543     218.00030
     -17.88443     218.00030
     -17.82343     218.00030
     -17.76243     218.00030
     -17.70143     218.00030
     -17.64043     218.00030
     -17.57943     218.00030
     -17.51843     218.00030
     -17.45743     218.00030
     -17.39643     218.00030
     -17.33543     218.00030
     -17.27343     218.00030
     -17.21243     218.00030
     -17.15143     218.00030
     -17.09043     218.00030
     -17.02943     218.00030
     -16.96843     218.00030
     -16.90743     218.00030
     -16.84643     218.00031
     -16.78543     218.00055
     -16.72443     218.00330
     -16.66343     218.02134
     -16.60243     218.09236
     -16.54143     218.27252
     -16.48043     218.59016
     -16.41943     219.00574
     -16.35843     219.43436
     -16.29743     219.83394
     -16.23543     220.27401
     -16.17443     220.82704
     -16.11343     221.39134
     -16.05243     221.79944
     -15.99143     222.08804
     -15.93043     222.48476
     -15.86943     223.10193
     -15.80843     223.81604
     -15.74743     224.53961
     -15.68643     225.32638
     -15.62543     226.20719
     -15.56443     227.16341
     -15.50343     228.13733
     -15.44243     229.09355
     -15.38143     230.10502
     -15.32043     231.22336
     -15.25843     232.38535
     -15.19743     233.60810
     -15.13643     235.14561
     -15.07543     237.23634
     -15.01443     239.66932
     -14.95343     241.81684
     -14.89243     243.18858
     -14.83143     243.79519
     -14.77043     243.96836
     -14.70943     243.99760
     -14.64843     244.00030
     -14.58743     244.00043
     -14.52643     244.00044
     -14.46543     244.00044
     -14.40443     244.00044
     -14.34343     244.00044
     -14.28243     244.00044
     -14.22043     244.00044
     -14.15943     244.00044
     -14.09843     244.00044
     -14.03743     244.00044
     -13.97643     244.00044
     -13.91543     244.00044
     -13.85443     244.00044
     -13.79343     244.00044
     -13.73243     244.00044
     -13.67143     244.00044
     -13.61043     244.00044
     -13.54943     244.00044
     -13.48843     244.00044
     -13.42743     244.00044
     -13.36643     244.00044
     -13.30543     244.00044
     -13.24343     244.00044
     -13.18243     244.00056
     -13.12143     244.00235
     -13.06043     244.01704
     -12.99943     244.08769
     -12.93843     244.29713
     -12.87743     244.69763
     -12.81643     245.20743
     -12.75543     245.64323
     -12.69443     245.88961
     -12.63343     245.97868
     -12.57243     246.00142
     -12.51143     246.02837
     -12.45043     246.13744
     -12.38943     246.43688
     -12.32843     246.95844
     -12.26643     247.56865
     -12.20543     248.15346
     -12.14443     248.78844
     -12.08343     249.57246
     -12.02243     250.50456
     -11.96143     251.56946
     -11.90043     252.76473
     -11.83943     254.06747
     -11.77843     255.41112
     -11.71743     256.70806
     -11.65643     257.92561
     -11.59543     259.12913
     -11.53443     260.43370
     -11.47343     261.89275
     -11.41243     263.45378
     -11.35143     265.03251
     -11.29043     266.57766
     -11.22843     268.04923
     -11.16743     269.39197
     -11.10643     270.58815
     -11.04543     271.72328
     -10.98443     272.92007
     -10.92343     274.18679
     -10.86243     275.40251
     -10.80143     276.47230
     -10.74043     277.39768
     -10.67943     278.20369
     -10.61843     278.91322
     -10.55743     279.56352
     -10.49643     280.17779
     -10.43543     280.74047
     -10.37443     281.21360
     -10.31343     281.56827
     -10.25143     281.80104
     -10.19043     281.92911
     -10.12943     281.98350
     -10.06843     281.99976
     -10.00743     282.00294
      -9.94643     282.00333
      -9.88543     282.00335
      -9.82443     282.00335
      -9.76343     282.00335
      -9.70243     282.00335
      -9.64143     282.00335
      -9.58043     282.00335
      -9.51943     282.00335
      -9.45843     282.00335
      -9.39743     282.00335
      -9.33643     282.00335
      -9.27443     282.00335
      -9.21343     282.00335
      -9.15243     282.00335
      -9.09143     282.00335
      -9.03043     282.00335
      -8.96943     282.00335
      -8.90843     282.00335
      -8.84743     282.00335
      -8.78643     282.00335
      -8.72543     282.00335
      -8.66443     282.00335
      -8.60343     282.00335
      -8.54243     282.00337
      -8.48143     282.00355
      -8.42043     282.00496
      -8.35943     282.01207
      -8.29843     282.03731
      -8.23643     282.10204
      -8.17543     282.22395
      -8.11443     282.40554
      -8.05343     282.65183
      -7.99243     282.98477
      -7.93143     283.41702
      -7.87043     283.93799
      -7.80943     284.53685
      -7.74843     285.19570
      -7.68743     285.87500
      -7.62643     286.54973
      -7.56543     287.21896
      -7.50443     287.87597
      -7.44343     288.53879
      -7.38243     289.28313
      -7.32143     290.18713
      -7.25943     291.26853
      -7.19843     292.49066
      -7.13743     293.79493
      -7.07643     295.12942
      -7.01543     296.48100
      -6.95443     297.85701
      -6.89343     299.25470
      -6.83243     300.67468
      -6.77143     302.11480
      -6.71043     303.56775
      -6.64943     305.04573
      -6.58843     306.57470
      -6.52743     308.16626
      -6.46643     309.80483
      -6.40543     311.46417
      -6.34443     313.14579
      -6.28343     314.88939
      -6.22143     316.73374
      -6.16043     318.66662
      -6.09943     320.60653
      -6.03843     322.46829
      -5.97743     324.26623
      -5.91643     326.10508
      -5.85543     328.08529
      -5.79443     330.24899
      -5.73343     332.56778
      -5.67243     334.99282
      -5.61143     337.53083
      -5.55043     340.20530
      -5.48943     342.97839
      -5.42843     345.80582
      -5.36743     348.69676
      -5.30643     351.68845
      -5.24443     354.84866
      -5.18343     358.24121
      -5.12243     361.84168
      -5.06143     365.56610
      -5.00043     369.36654
      -4.93943     373.23384
      -4.87843     377.17197
      -4.81743     381.18857
      -4.75643     385.24577
      -4.69543     389.27519
      -4.63443     393.25759
      -4.57343     397.21435
      -4.51243     401.14943
      -4.45143     405.03994
      -4.39043     408.85320
      -4.32943     412.55900
      -4.26743     416.15336
      -4.20643     419.67017
      -4.14543     423.13660
      -4.08443     426.52702
      -4.02343     429.78829
      -3.96243     432.88867
      -3.90143     435.82387
      -3.84043     438.59024
      -3.77943     441.15603
      -3.71843     443.50230
      -3.65743     445.68218
      -3.59643     447.77932
      -3.53543     449.83922
      -3.47443     451.84568
      -3.41343     453.73980
      -3.35243     455.48431
      -3.29143     457.10487
      -3.22943     458.65460
      -3.16843     460.16678
      -3.10743     461.64385
      -3.04643     463.05771
      -2.98543     464.37236
      -2.92443     465.56916
      -2.86343     466.64261
      -2.80243     467.60585
      -2.74143     468.50467
      -2.68043     469.38669
      -2.61943     470.25193
      -2.55843     471.06313
      -2.49743     471.78334
      -2.43643     472.41108
      -2.37543     473.01061
      -2.31443     473.65987
      -2.25243     474.37245
      -2.19143     475.11953
      -2.13043     475.88951
      -2.06943     476.68941
      -2.00843     477.51618
      -1.94743     478.35058
      -1.88643     479.17918
      -1.82543     480.00930
      -1.76443     480.85836
      -1.70343     481.73184
      -1.64243     482.62272
      -1.58143     483.52367
      -1.52043     484.41120
      -1.45943     485.24743
      -1.39843     486.03756
      -1.33743     486.85211
      -1.27543     487.77139
      -1.21443     488.80851
      -1.15343     489.88288
      -1.09243     490.90687
      -1.03143     491.88049
      -0.97043     492.85106
      -0.90943     493.83231
      -0.84843     494.82241
      -0.78743     495.85343
      -0.72643     496.95131
      -0.66543     498.08063
      -0.60443     499.18767
      -0.54343     500.26753
      -0.48243     501.35381
      -0.42143     502.47947
      -0.36043     503.65184
      -0.29943     504.84314
      -0.23743     506.03597
      -0.17643     507.22727
      -0.11543     508.37949
      -0.05443     509.47432
       0.00657     510.56884
       0.06757     511.72625
       0.12857     512.94961
       0.18957     514.20625
       0.25057     515.48242
       0.31157     516.79798
       0.37257     518.16575
       0.43357     519.57046
       0.49457     521.01181
       0.55557     522.51788
       0.61657     524.10821
       0.67757     525.77945
       0.73957     527.52458
       0.80057     529.34389
       0.86157     531.22060
       0.92257     533.12266
       0.98357     535.04639
       1.04457     537.01988
       1.10557     539.06329
       1.16657     541.17600
       1.22757     543.34764
       1.28857     545.55988
       1.34957     547.79624
       1.41057     550.05245
       1.47157     552.32911
       1.53257     554.62378
       1.59357     556.93403
       1.65457     559.26137
       1.71557     561.60703
       1.77757     563.96521
       1.83857     566.32949
       1.89957     568.70691
       1.96057     571.12553
       2.02157     573.61255
       2.08257     576.15178
       2.14357     578.69466
       2.20457     581.21587
       2.26557     583.73067
       2.32657     586.27143
       2.38757     588.86194
       2.44857     591.50222
       2.50957     594.17364
       2.57057     596.85758
       2.63157     599.52564
       2.69257     602.12990
       2.75457     604.64470
       2.81557     607.07371
       2.87657     609.40349
       2.93757     611.60200
       2.99857     613.64754
       3.05957     615.51998
       3.12057     617.18267
       3.18157     618.60631
       3.24257     619.79944
       3.30357     620.79321
       3.36457     621.61113
       3.42557     622.26619
       3.48657     622.77751
       3.54757     623.17704
       3.60857     623.48762
       3.66957     623.71285
       3.73157     623.85610
       3.79257     623.93563
       3.85357     623.97670
       3.91457     623.99652
       3.97557     624.00416
       4.03657     624.00608
       4.09757     624.00636
       4.15857     624.00638
       4.21957     624.00639
