      #Energy        tdos
     -67.01577       0.00000
     -66.94377       0.00000
     -66.87177       0.00000
     -66.79977       0.00000
     -66.72777       0.00000
     -66.65577       0.00000
     -66.58377       0.00000
     -66.51077       0.00000
     -66.43877       0.00000
     -66.36677       0.00000
     -66.29477       0.00000
     -66.22277       0.00000
     -66.15077       0.00000
     -66.07877       0.00000
     -66.00677       0.00000
     -65.93477       0.00000
     -65.86277       0.00000
     -65.79077       0.00000
     -65.71877       0.00000
     -65.64677       0.00000
     -65.57477       0.00000
     -65.50177       0.00000
     -65.42977       0.00000
     -65.35777       0.00000
     -65.28577       0.00013
     -65.21377       0.00482
     -65.14177       0.07321
     -65.06977       0.50496
     -64.99777       1.84442
     -64.92577       4.25883
     -64.85377       7.33415
     -64.78177      10.46280
     -64.70977      12.76442
     -64.63777      13.76521
     -64.56577      13.97974
     -64.49277      13.99961
     -64.42077      14.00034
     -64.34877      14.00035
     -64.27677      14.00035
     -64.20477      14.00035
     -64.13277      14.00035
     -64.06077      14.00035
     -63.98877      14.00035
     -63.91677      14.00035
     -63.84477      14.00035
     -63.77277      14.00035
     -63.70077      14.00035
     -63.62877      14.00035
     -63.55677      14.00035
     -63.48377      14.00035
     -63.41177      14.00035
     -63.33977      14.00035
     -63.26777      14.00035
     -63.19577      14.00035
     -63.12377      14.00035
     -63.05177      14.00035
     -62.97977      14.00035
     -62.90777      14.00035
     -62.83577      14.00035
     -62.76377      14.00035
     -62.69177      14.00035
     -62.61977      14.00035
     -62.54777      14.00035
     -62.47477      14.00035
     -62.40277      14.00035
     -62.33077      14.00035
     -62.25877      14.00035
     -62.18677      14.00035
     -62.11477      14.00035
     -62.04277      14.00035
     -61.97077      14.00035
     -61.89877      14.00035
     -61.82677      14.00035
     -61.75477      14.00035
     -61.68277      14.00035
     -61.61077      14.00035
     -61.53877      14.00035
     -61.46577      14.00035
     -61.39377      14.00035
     -61.32177      14.00035
     -61.24977      14.00035
     -61.17777      14.00035
     -61.10577      14.00035
     -61.03377      14.00035
     -60.96177      14.00035
     -60.88977      14.00035
     -60.81777      14.00035
     -60.74577      14.00035
     -60.67377      14.00035
     -60.60177      14.00035
     -60.52977      14.00035
     -60.45677      14.00035
     -60.38477      14.00035
     -60.31277      14.00035
     -60.24077      14.00035
     -60.16877      14.00035
     -60.09677      14.00035
     -60.02477      14.00035
     -59.95277      14.00035
     -59.88077      14.00035
     -59.80877      14.00035
     -59.73677      14.00035
     -59.66477      14.00035
     -59.59277      14.00035
     -59.52077      14.00035
     -59.44777      14.00035
     -59.37577      14.00035
     -59.30377      14.00035
     -59.23177      14.00035
     -59.15977      14.00035
     -59.08777      14.00035
     -59.01577      14.00035
     -58.94377      14.00035
     -58.87177      14.00035
     -58.79977      14.00035
     -58.72777      14.00035
     -58.65577      14.00035
     -58.58377      14.00035
     -58.51077      14.00035
     -58.43877      14.00035
     -58.36677      14.00035
     -58.29477      14.00035
     -58.22277      14.00035
     -58.15077      14.00035
     -58.07877      14.00035
     -58.00677      14.00035
     -57.93477      14.00035
     -57.86277      14.00035
     -57.79077      14.00035
     -57.71877      14.00035
     -57.64677      14.00035
     -57.57477      14.00035
     -57.50177      14.00035
     -57.42977      14.00035
     -57.35777      14.00035
     -57.28577      14.00035
     -57.21377      14.00035
     -57.14177      14.00035
     -57.06977      14.00035
     -56.99777      14.00035
     -56.92577      14.00035
     -56.85377      14.00035
     -56.78177      14.00035
     -56.70977      14.00035
     -56.63777      14.00035
     -56.56577      14.00035
     -56.49277      14.00035
     -56.42077      14.00035
     -56.34877      14.00035
     -56.27677      14.00036
     -56.20477      14.00066
     -56.13277      14.00880
     -56.06077      14.09483
     -55.98877      14.50315
     -55.91677      15.56589
     -55.84477      17.38643
     -55.77277      19.54931
     -55.70077      21.37922
     -55.62877      22.69057
     -55.55677      23.69166
     -55.48377      24.57057
     -55.41177      25.35537
     -55.33977      25.83450
     -55.26777      25.98148
     -55.19577      26.00088
     -55.12377      26.00189
     -55.05177      26.00191
     -54.97977      26.00191
     -54.90777      26.00191
     -54.83577      26.00191
     -54.76377      26.00191
     -54.69177      26.00191
     -54.61977      26.00191
     -54.54777      26.00191
     -54.47477      26.00191
     -54.40277      26.00191
     -54.33077      26.00191
     -54.25877      26.00191
     -54.18677      26.00191
     -54.11477      26.00191
     -54.04277      26.00191
     -53.97077      26.00191
     -53.89877      26.00191
     -53.82677      26.00191
     -53.75477      26.00191
     -53.68277      26.00191
     -53.61077      26.00191
     -53.53877      26.00191
     -53.46577      26.00191
     -53.39377      26.00191
     -53.32177      26.00191
     -53.24977      26.00191
     -53.17777      26.00191
     -53.10577      26.00191
     -53.03377      26.00191
     -52.96177      26.00191
     -52.88977      26.00191
     -52.81777      26.00191
     -52.74577      26.00191
     -52.67377      26.00191
     -52.60177      26.00191
     -52.52977      26.00191
     -52.45677      26.00191
     -52.38477      26.00191
     -52.31277      26.00191
     -52.24077      26.00191
     -52.16877      26.00191
     -52.09677      26.00191
     -52.02477      26.00191
     -51.95277      26.00191
     -51.88077      26.00191
     -51.80877      26.00191
     -51.73677      26.00191
     -51.66477      26.00191
     -51.59277      26.00191
     -51.52077      26.00191
     -51.44777      26.00191
     -51.37577      26.00191
     -51.30377      26.00191
     -51.23177      26.00191
     -51.15977      26.00191
     -51.08777      26.00191
     -51.01577      26.00191
     -50.94377      26.00191
     -50.87177      26.00191
     -50.79977      26.00191
     -50.72777      26.00191
     -50.65577      26.00191
     -50.58377      26.00191
     -50.51077      26.00191
     -50.43877      26.00191
     -50.36677      26.00191
     -50.29477      26.00191
     -50.22277      26.00191
     -50.15077      26.00191
     -50.07877      26.00191
     -50.00677      26.00191
     -49.93477      26.00191
     -49.86277      26.00191
     -49.79077      26.00191
     -49.71877      26.00191
     -49.64677      26.00191
     -49.57477      26.00191
     -49.50177      26.00191
     -49.42977      26.00191
     -49.35777      26.00191
     -49.28577      26.00191
     -49.21377      26.00191
     -49.14177      26.00191
     -49.06977      26.00191
     -48.99777      26.00191
     -48.92577      26.00191
     -48.85377      26.00191
     -48.78177      26.00191
     -48.70977      26.00191
     -48.63777      26.00191
     -48.56577      26.00191
     -48.49277      26.00191
     -48.42077      26.00191
     -48.34877      26.00191
     -48.27677      26.00191
     -48.20477      26.00191
     -48.13277      26.00191
     -48.06077      26.00191
     -47.98877      26.00191
     -47.91677      26.00191
     -47.84477      26.00191
     -47.77277      26.00191
     -47.70077      26.00191
     -47.62877      26.00191
     -47.55677      26.00191
     -47.48377      26.00191
     -47.41177      26.00191
     -47.33977      26.00191
     -47.26777      26.00191
     -47.19577      26.00191
     -47.12377      26.00191
     -47.05177      26.00191
     -46.97977      26.00191
     -46.90777      26.00191
     -46.83577      26.00191
     -46.76377      26.00191
     -46.69177      26.00191
     -46.61977      26.00191
     -46.54777      26.00191
     -46.47477      26.00191
     -46.40277      26.00191
     -46.33077      26.00191
     -46.25877      26.00191
     -46.18677      26.00191
     -46.11477      26.00191
     -46.04277      26.00191
     -45.97077      26.00191
     -45.89877      26.00191
     -45.82677      26.00191
     -45.75477      26.00191
     -45.68277      26.00191
     -45.61077      26.00191
     -45.53877      26.00191
     -45.46577      26.00191
     -45.39377      26.00191
     -45.32177      26.00191
     -45.24977      26.00191
     -45.17777      26.00191
     -45.10577      26.00191
     -45.03377      26.00191
     -44.96177      26.00191
     -44.88977      26.00191
     -44.81777      26.00191
     -44.74577      26.00191
     -44.67377      26.00191
     -44.60177      26.00191
     -44.52977      26.00191
     -44.45677      26.00191
     -44.38477      26.00191
     -44.31277      26.00191
     -44.24077      26.00191
     -44.16877      26.00191
     -44.09677      26.00191
     -44.02477      26.00191
     -43.95277      26.00191
     -43.88077      26.00191
     -43.80877      26.00191
     -43.73677      26.00191
     -43.66477      26.00191
     -43.59277      26.00191
     -43.52077      26.00191
     -43.44777      26.00191
     -43.37577      26.00191
     -43.30377      26.00191
     -43.23177      26.00191
     -43.15977      26.00191
     -43.08777      26.00191
     -43.01577      26.00191
     -42.94377      26.00191
     -42.87177      26.00191
     -42.79977      26.00191
     -42.72777      26.00191
     -42.65577      26.00191
     -42.58377      26.00191
     -42.51077      26.00191
     -42.43877      26.00191
     -42.36677      26.00191
     -42.29477      26.00191
     -42.22277      26.00191
     -42.15077      26.00191
     -42.07877      26.00191
     -42.00677      26.00191
     -41.93477      26.00191
     -41.86277      26.00191
     -41.79077      26.00191
     -41.71877      26.00191
     -41.64677      26.00191
     -41.57477      26.00191
     -41.50177      26.00191
     -41.42977      26.00191
     -41.35777      26.00191
     -41.28577      26.00191
     -41.21377      26.00191
     -41.14177      26.00191
     -41.06977      26.00191
     -40.99777      26.00191
     -40.92577      26.00191
     -40.85377      26.00191
     -40.78177      26.00191
     -40.70977      26.00191
     -40.63777      26.00191
     -40.56577      26.00191
     -40.49277      26.00191
     -40.42077      26.00191
     -40.34877      26.00191
     -40.27677      26.00191
     -40.20477      26.00191
     -40.13277      26.00191
     -40.06077      26.00191
     -39.98877      26.00191
     -39.91677      26.00192
     -39.84477      26.00224
     -39.77277      26.01095
     -39.70077      26.10471
     -39.62877      26.55116
     -39.55677      27.61962
     -39.48377      29.18215
     -39.41177      31.21026
     -39.33977      34.45422
     -39.26777      39.94575
     -39.19577      47.41314
     -39.12377      54.67080
     -39.05177      60.03368
     -38.97977      64.35836
     -38.90777      69.91584
     -38.83577      78.04305
     -38.76377      87.90251
     -38.69177      96.69890
     -38.61977     101.86575
     -38.54777     103.65177
     -38.47477     103.97710
     -38.40277     104.00499
     -38.33077     104.00601
     -38.25877     104.00602
     -38.18677     104.00602
     -38.11477     104.00602
     -38.04277     104.00602
     -37.97077     104.00602
     -37.89877     104.00602
     -37.82677     104.00602
     -37.75477     104.00602
     -37.68277     104.00602
     -37.61077     104.00602
     -37.53877     104.00602
     -37.46577     104.00602
     -37.39377     104.00602
     -37.32177     104.00602
     -37.24977     104.00602
     -37.17777     104.00602
     -37.10577     104.00602
     -37.03377     104.00602
     -36.96177     104.00602
     -36.88977     104.00602
     -36.81777     104.00602
     -36.74577     104.00602
     -36.67377     104.00602
     -36.60177     104.00602
     -36.52977     104.00602
     -36.45677     104.00602
     -36.38477     104.00602
     -36.31277     104.00602
     -36.24077     104.00602
     -36.16877     104.00602
     -36.09677     104.00602
     -36.02477     104.00602
     -35.95277     104.00602
     -35.88077     104.00602
     -35.80877     104.00602
     -35.73677     104.00607
     -35.66477     104.00812
     -35.59277     104.04643
     -35.52077     104.34996
     -35.44777     105.49468
     -35.37577     107.88639
     -35.30377     111.20495
     -35.23177     115.09252
     -35.15977     119.69396
     -35.08777     125.07882
     -35.01577     130.83414
     -34.94377     135.76495
     -34.87177     138.67378
     -34.79977     139.74776
     -34.72777     139.97984
     -34.65577     140.00589
     -34.58377     140.00719
     -34.51077     140.00722
     -34.43877     140.00722
     -34.36677     140.00722
     -34.29477     140.00722
     -34.22277     140.00722
     -34.15077     140.00722
     -34.07877     140.00722
     -34.00677     140.00722
     -33.93477     140.00722
     -33.86277     140.00722
     -33.79077     140.00722
     -33.71877     140.00722
     -33.64677     140.00722
     -33.57477     140.00722
     -33.50177     140.00722
     -33.42977     140.00722
     -33.35777     140.00722
     -33.28577     140.00722
     -33.21377     140.00722
     -33.14177     140.00722
     -33.06977     140.00722
     -32.99777     140.00722
     -32.92577     140.00722
     -32.85377     140.00722
     -32.78177     140.00722
     -32.70977     140.00722
     -32.63777     140.00722
     -32.56577     140.00742
     -32.49277     140.01314
     -32.42077     140.07874
     -32.34877     140.39290
     -32.27677     141.13059
     -32.20477     142.34933
     -32.13277     144.50285
     -32.06077     148.25167
     -31.98877     153.42032
     -31.91677     158.95474
     -31.84477     163.66969
     -31.77277     166.98645
     -31.70077     169.39798
     -31.62877     171.75330
     -31.55677     173.99546
     -31.48377     175.41492
     -31.41177     175.91409
     -31.33977     176.00833
     -31.26777     176.10138
     -31.19577     176.51723
     -31.12377     177.58790
     -31.05177     179.27258
     -30.97977     180.94682
     -30.90777     182.37853
     -30.83577     184.88195
     -30.76377     189.59547
     -30.69177     195.12303
     -30.61977     199.54213
     -30.54777     202.98501
     -30.47477     206.67583
     -30.40277     210.89781
     -30.33077     214.46033
     -30.25877     216.54610
     -30.18677     217.53734
     -30.11477     217.91655
     -30.04277     217.99936
     -29.97077     218.00731
     -29.89877     218.00761
     -29.82677     218.00761
     -29.75477     218.00761
     -29.68277     218.00761
     -29.61077     218.00761
     -29.53877     218.00761
     -29.46577     218.00761
     -29.39377     218.00761
     -29.32177     218.00761
     -29.24977     218.00761
     -29.17777     218.00761
     -29.10577     218.00761
     -29.03377     218.00761
     -28.96177     218.00761
     -28.88977     218.00761
     -28.81777     218.00761
     -28.74577     218.00761
     -28.67377     218.00761
     -28.60177     218.00761
     -28.52977     218.00761
     -28.45677     218.00761
     -28.38477     218.00761
     -28.31277     218.00761
     -28.24077     218.00761
     -28.16877     218.00761
     -28.09677     218.00761
     -28.02477     218.00761
     -27.95277     218.00761
     -27.88077     218.00761
     -27.80877     218.00761
     -27.73677     218.00761
     -27.66477     218.00761
     -27.59277     218.00761
     -27.52077     218.00761
     -27.44777     218.00761
     -27.37577     218.00761
     -27.30377     218.00761
     -27.23177     218.00761
     -27.15977     218.00761
     -27.08777     218.00761
     -27.01577     218.00761
     -26.94377     218.00761
     -26.87177     218.00761
     -26.79977     218.00761
     -26.72777     218.00761
     -26.65577     218.00761
     -26.58377     218.00761
     -26.51077     218.00761
     -26.43877     218.00761
     -26.36677     218.00761
     -26.29477     218.00761
     -26.22277     218.00761
     -26.15077     218.00761
     -26.07877     218.00761
     -26.00677     218.00761
     -25.93477     218.00761
     -25.86277     218.00761
     -25.79077     218.00761
     -25.71877     218.00761
     -25.64677     218.00761
     -25.57477     218.00761
     -25.50177     218.00761
     -25.42977     218.00761
     -25.35777     218.00761
     -25.28577     218.00761
     -25.21377     218.00761
     -25.14177     218.00761
     -25.06977     218.00761
     -24.99777     218.00761
     -24.92577     218.00761
     -24.85377     218.00761
     -24.78177     218.00761
     -24.70977     218.00761
     -24.63777     218.00761
     -24.56577     218.00761
     -24.49277     218.00761
     -24.42077     218.00761
     -24.34877     218.00761
     -24.27677     218.00761
     -24.20477     218.00761
     -24.13277     218.00761
     -24.06077     218.00761
     -23.98877     218.00761
     -23.91677     218.00761
     -23.84477     218.00761
     -23.77277     218.00761
     -23.70077     218.00761
     -23.62877     218.00761
     -23.55677     218.00761
     -23.48377     218.00761
     -23.41177     218.00761
     -23.33977     218.00761
     -23.26777     218.00761
     -23.19577     218.00761
     -23.12377     218.00761
     -23.05177     218.00761
     -22.97977     218.00761
     -22.90777     218.00761
     -22.83577     218.00761
     -22.76377     218.00761
     -22.69177     218.00761
     -22.61977     218.00761
     -22.54777     218.00761
     -22.47477     218.00761
     -22.40277     218.00761
     -22.33077     218.00761
     -22.25877     218.00761
     -22.18677     218.00761
     -22.11477     218.00761
     -22.04277     218.00761
     -21.97077     218.00761
     -21.89877     218.00761
     -21.82677     218.00761
     -21.75477     218.00761
     -21.68277     218.00761
     -21.61077     218.00761
     -21.53877     218.00761
     -21.46577     218.00761
     -21.39377     218.00761
     -21.32177     218.00761
     -21.24977     218.00761
     -21.17777     218.00761
     -21.10577     218.00761
     -21.03377     218.00761
     -20.96177     218.00761
     -20.88977     218.00761
     -20.81777     218.00761
     -20.74577     218.00761
     -20.67377     218.00761
     -20.60177     218.00761
     -20.52977     218.00761
     -20.45677     218.00761
     -20.38477     218.00761
     -20.31277     218.00761
     -20.24077     218.00761
     -20.16877     218.00761
     -20.09677     218.00761
     -20.02477     218.00761
     -19.95277     218.00761
     -19.88077     218.00761
     -19.80877     218.00761
     -19.73677     218.00761
     -19.66477     218.00761
     -19.59277     218.00761
     -19.52077     218.00761
     -19.44777     218.00761
     -19.37577     218.00761
     -19.30377     218.00761
     -19.23177     218.00761
     -19.15977     218.00761
     -19.08777     218.00761
     -19.01577     218.00761
     -18.94377     218.00761
     -18.87177     218.00761
     -18.79977     218.00761
     -18.72777     218.00761
     -18.65577     218.00761
     -18.58377     218.00761
     -18.51077     218.00761
     -18.43877     218.00761
     -18.36677     218.00761
     -18.29477     218.00761
     -18.22277     218.00761
     -18.15077     218.00761
     -18.07877     218.00761
     -18.00677     218.00761
     -17.93477     218.00761
     -17.86277     218.00761
     -17.79077     218.00761
     -17.71877     218.00761
     -17.64677     218.00761
     -17.57477     218.00761
     -17.50177     218.00761
     -17.42977     218.00761
     -17.35777     218.00761
     -17.28577     218.00761
     -17.21377     218.00761
     -17.14177     218.00761
     -17.06977     218.00761
     -16.99777     218.00768
     -16.92577     218.00918
     -16.85377     218.02417
     -16.78177     218.09828
     -16.70977     218.30336
     -16.63777     218.66635
     -16.56577     219.11558
     -16.49277     219.52235
     -16.42077     219.80708
     -16.34877     220.00747
     -16.27677     220.26477
     -16.20477     220.73428
     -16.13277     221.42520
     -16.06077     222.19817
     -15.98877     222.98088
     -15.91677     223.83745
     -15.84477     224.92718
     -15.77277     226.31277
     -15.70077     227.83205
     -15.62877     229.37223
     -15.55677     230.76250
     -15.48377     231.65306
     -15.41177     232.09817
     -15.33977     232.66823
     -15.26777     233.76481
     -15.19577     235.32517
     -15.12377     237.08805
     -15.05177     238.67075
     -14.97977     239.76553
     -14.90777     240.56120
     -14.83577     241.32913
     -14.76377     242.01893
     -14.69177     242.70261
     -14.61977     243.40131
     -14.54777     243.84654
     -14.47477     243.98739
     -14.40277     244.00739
     -14.33077     244.00858
     -14.25877     244.00861
     -14.18677     244.00861
     -14.11477     244.00861
     -14.04277     244.00861
     -13.97077     244.00861
     -13.89877     244.00861
     -13.82677     244.00861
     -13.75477     244.00861
     -13.68277     244.00861
     -13.61077     244.00861
     -13.53877     244.00861
     -13.46577     244.00861
     -13.39377     244.00861
     -13.32177     244.00875
     -13.24977     244.01105
     -13.17777     244.02986
     -13.10577     244.11092
     -13.03377     244.32047
     -12.96177     244.67957
     -12.88977     245.11722
     -12.81777     245.51679
     -12.74577     245.81081
     -12.67377     246.04072
     -12.60177     246.33149
     -12.52977     246.77769
     -12.45677     247.34407
     -12.38477     247.93730
     -12.31277     248.56558
     -12.24077     249.28108
     -12.16877     250.08757
     -12.09677     251.01621
     -12.02477     252.09369
     -11.95277     253.31603
     -11.88077     254.69333
     -11.80877     256.20396
     -11.73677     257.79243
     -11.66477     259.43423
     -11.59277     261.19423
     -11.52077     263.09766
     -11.44777     264.99784
     -11.37577     266.79243
     -11.30377     268.53766
     -11.23177     270.26450
     -11.15977     271.84540
     -11.08777     273.17297
     -11.01577     274.38414
     -10.94377     275.62162
     -10.87177     276.83243
     -10.79977     277.94775
     -10.72777     278.96144
     -10.65577     279.84108
     -10.58377     280.54382
     -10.51077     281.07034
     -10.43877     281.44270
     -10.36677     281.70151
     -10.29477     281.87629
     -10.22277     281.96928
     -10.15077     282.00151
     -10.07877     282.00818
     -10.00677     282.00895
      -9.93477     282.00900
      -9.86277     282.00900
      -9.79077     282.00900
      -9.71877     282.00900
      -9.64677     282.00900
      -9.57477     282.00900
      -9.50177     282.00900
      -9.42977     282.00900
      -9.35777     282.00900
      -9.28577     282.00900
      -9.21377     282.00900
      -9.14177     282.00900
      -9.06977     282.00900
      -8.99777     282.00900
      -8.92577     282.00900
      -8.85377     282.00900
      -8.78177     282.00903
      -8.70977     282.00950
      -8.63777     282.01335
      -8.56577     282.03107
      -8.49277     282.08267
      -8.42077     282.18303
      -8.34877     282.33189
      -8.27677     282.54310
      -8.20477     282.84555
      -8.13277     283.24079
      -8.06077     283.72223
      -7.98877     284.27607
      -7.91677     284.84803
      -7.84477     285.42068
      -7.77277     286.04764
      -7.70077     286.77247
      -7.62877     287.60742
      -7.55677     288.52562
      -7.48377     289.50328
      -7.41177     290.58112
      -7.33977     291.76850
      -7.26777     293.02976
      -7.19577     294.38868
      -7.12377     295.90184
      -7.05177     297.59265
      -6.97977     299.41859
      -6.90777     301.28814
      -6.83577     303.14328
      -6.76377     304.99157
      -6.69177     306.87517
      -6.61977     308.81679
      -6.54777     310.80238
      -6.47477     312.83517
      -6.40277     314.93211
      -6.33077     317.09139
      -6.25877     319.30472
      -6.18677     321.55481
      -6.11477     323.83337
      -6.04277     326.12094
      -5.97077     328.36166
      -5.89877     330.55085
      -5.82677     332.76310
      -5.75477     335.07049
      -5.68277     337.50868
      -5.61077     340.11769
      -5.53877     342.98976
      -5.46577     346.18256
      -5.39377     349.62688
      -5.32177     353.22292
      -5.24977     356.92850
      -5.17777     360.73823
      -5.10577     364.68562
      -5.03377     368.84022
      -4.96177     373.21355
      -4.88977     377.70832
      -4.81777     382.20598
      -4.74577     386.67733
      -4.67377     391.15697
      -4.60177     395.64202
      -4.52977     400.08310
      -4.45677     404.43805
      -4.38477     408.70256
      -4.31277     412.90220
      -4.24077     417.05751
      -4.16877     421.15085
      -4.09677     425.10328
      -4.02477     428.81607
      -3.95277     432.27625
      -3.88077     435.56634
      -3.80877     438.73067
      -3.73677     441.69715
      -3.66477     444.41103
      -3.59277     446.91157
      -3.52077     449.25895
      -3.44777     451.48994
      -3.37577     453.62040
      -3.30377     455.70760
      -3.23177     457.78904
      -3.15977     459.76562
      -3.08777     461.51769
      -3.01577     463.03697
      -2.94377     464.39949
      -2.87177     465.70328
      -2.79977     466.99373
      -2.72777     468.22688
      -2.65577     469.34472
      -2.58377     470.33067
      -2.51077     471.16994
      -2.43877     471.88825
      -2.36677     472.58209
      -2.29477     473.31834
      -2.22277     474.10213
      -2.15077     474.93600
      -2.07877     475.82861
      -2.00677     476.75258
      -1.93477     477.66861
      -1.86277     478.59870
      -1.79077     479.59185
      -1.71877     480.65816
      -1.64677     481.81384
      -1.57477     483.09456
      -1.50177     484.45708
      -1.42977     485.79546
      -1.35777     487.08339
      -1.28577     488.36483
      -1.21377     489.66969
      -1.14177     491.01960
      -1.06977     492.40915
      -0.99777     493.81996
      -0.92577     495.27798
      -0.85377     496.80483
      -0.78177     498.38068
      -0.70977     500.01780
      -0.63777     501.76843
      -0.56577     503.61600
      -0.49277     505.47618
      -0.42077     507.28086
      -0.34877     509.01564
      -0.27677     510.71834
      -0.20477     512.42465
      -0.13277     514.13564
      -0.06077     515.81780
       0.01123     517.45384
       0.08323     519.09852
       0.15523     520.83222
       0.22723     522.70537
       0.29923     524.71005
       0.37123     526.80014
       0.44323     528.97996
       0.51623     531.30609
       0.58823     533.81780
       0.66023     536.50825
       0.73223     539.34176
       0.80423     542.30645
       0.87623     545.42032
       0.94823     548.67942
       1.02023     552.04122
       1.09223     555.44483
       1.16423     558.83258
       1.23623     562.15762
       1.30823     565.36663
       1.38023     568.44699
       1.45223     571.47294
       1.52523     574.51762
       1.59723     577.60771
       1.66923     580.78213
       1.74123     584.06140
       1.81323     587.39077
       1.88523     590.71438
       1.95723     594.00555
       2.02923     597.23618
       2.10123     600.38753
       2.17323     603.48519
       2.24523     606.58753
       2.31723     609.70753
       2.38923     612.85276
       2.46123     616.04483
       2.53423     619.23690
       2.60623     622.37095
       2.67823     625.43222
       2.75023     628.39041
       2.82223     631.23222
       2.89423     634.02032
       2.96623     636.81960
       3.03823     639.62068
       3.11023     642.37456
       3.18223     645.03618
       3.25423     647.58681
       3.32623     650.04699
       3.39823     652.43762
       3.47023     654.75149
       3.54323     656.94681
       3.61523     658.95366
       3.68723     660.75113
       3.75923     662.36447
       3.83123     663.80303
       3.90323     665.09924
       3.97523     666.29564
       4.04723     667.37600
       4.11923     668.28879
       4.19123     668.99420
       4.26323     669.47964
       4.33523     669.77290
       4.40723     669.92504
       4.47923     669.98662
       4.55223     670.00346
       4.62423     670.00615
       4.69623     670.00637
       4.76823     670.00638
       4.84023     670.00638
       4.91223     670.00638
       4.98423     670.00638
