      #Energy        tdos
     -59.04998       0.00000
     -58.98598       0.00000
     -58.92198       0.00000
     -58.85798       0.00000
     -58.79398       0.00000
     -58.72998       0.00000
     -58.66598       0.00000
     -58.60198       0.00000
     -58.53698       0.00000
     -58.47298       0.00000
     -58.40898       0.00000
     -58.34498       0.00000
     -58.28098       0.00000
     -58.21698       0.00000
     -58.15298       0.00000
     -58.08898       0.00000
     -58.02498       0.00000
     -57.96098       0.00001
     -57.89698       0.00050
     -57.83298       0.00896
     -57.76898       0.07906
     -57.70498       0.37638
     -57.64098       1.10584
     -57.57698       2.36118
     -57.51198       4.16170
     -57.44798       6.36678
     -57.38398       8.58308
     -57.31998      10.39577
     -57.25598      11.61876
     -57.19198      12.45960
     -57.12798      13.18768
     -57.06398      13.71740
     -56.99998      13.94393
     -56.93598      13.99409
     -56.87198      13.99953
     -56.80798      13.99980
     -56.74398      13.99981
     -56.67998      13.99981
     -56.61598      13.99981
     -56.55198      13.99981
     -56.48698      13.99981
     -56.42298      13.99981
     -56.35898      13.99981
     -56.29498      13.99981
     -56.23098      13.99981
     -56.16698      13.99981
     -56.10298      13.99981
     -56.03898      13.99983
     -55.97498      14.00072
     -55.91098      14.01644
     -55.84698      14.15846
     -55.78298      14.84907
     -55.71898      16.75530
     -55.65498      19.87650
     -55.59098      23.01244
     -55.52598      24.98913
     -55.46198      25.77648
     -55.39798      25.97011
     -55.33398      25.99754
     -55.26998      25.99958
     -55.20598      25.99966
     -55.14198      25.99966
     -55.07798      25.99966
     -55.01398      25.99966
     -54.94998      25.99966
     -54.88598      25.99966
     -54.82198      25.99966
     -54.75798      25.99966
     -54.69398      25.99966
     -54.62998      25.99966
     -54.56598      25.99966
     -54.50098      25.99966
     -54.43698      25.99966
     -54.37298      25.99966
     -54.30898      25.99966
     -54.24498      25.99966
     -54.18098      25.99966
     -54.11698      25.99966
     -54.05298      25.99966
     -53.98898      25.99966
     -53.92498      25.99966
     -53.86098      25.99966
     -53.79698      25.99966
     -53.73298      25.99966
     -53.66898      25.99966
     -53.60498      25.99966
     -53.53998      25.99966
     -53.47598      25.99966
     -53.41198      25.99966
     -53.34798      25.99966
     -53.28398      25.99966
     -53.21998      25.99966
     -53.15598      25.99966
     -53.09198      25.99966
     -53.02798      25.99966
     -52.96398      25.99966
     -52.89998      25.99966
     -52.83598      25.99966
     -52.77198      25.99966
     -52.70798      25.99966
     -52.64398      25.99966
     -52.57998      25.99966
     -52.51498      25.99966
     -52.45098      25.99966
     -52.38698      25.99966
     -52.32298      25.99966
     -52.25898      25.99966
     -52.19498      25.99966
     -52.13098      25.99966
     -52.06698      25.99966
     -52.00298      25.99966
     -51.93898      25.99966
     -51.87498      25.99966
     -51.81098      25.99966
     -51.74698      25.99966
     -51.68298      25.99966
     -51.61898      25.99966
     -51.55498      25.99966
     -51.48998      25.99966
     -51.42598      25.99966
     -51.36198      25.99966
     -51.29798      25.99966
     -51.23398      25.99966
     -51.16998      25.99966
     -51.10598      25.99966
     -51.04198      25.99966
     -50.97798      25.99966
     -50.91398      25.99966
     -50.84998      25.99966
     -50.78598      25.99966
     -50.72198      25.99966
     -50.65798      25.99966
     -50.59398      25.99966
     -50.52898      25.99966
     -50.46498      25.99966
     -50.40098      25.99966
     -50.33698      25.99966
     -50.27298      25.99966
     -50.20898      25.99966
     -50.14498      25.99966
     -50.08098      25.99966
     -50.01698      25.99966
     -49.95298      25.99966
     -49.88898      25.99966
     -49.82498      25.99966
     -49.76098      25.99966
     -49.69698      25.99966
     -49.63298      25.99966
     -49.56898      25.99966
     -49.50398      25.99966
     -49.43998      25.99966
     -49.37598      25.99966
     -49.31198      25.99966
     -49.24798      25.99966
     -49.18398      25.99966
     -49.11998      25.99966
     -49.05598      25.99966
     -48.99198      25.99966
     -48.92798      25.99966
     -48.86398      25.99966
     -48.79998      25.99966
     -48.73598      25.99966
     -48.67198      25.99966
     -48.60798      25.99966
     -48.54298      25.99966
     -48.47898      25.99966
     -48.41498      25.99966
     -48.35098      25.99966
     -48.28698      25.99966
     -48.22298      25.99966
     -48.15898      25.99966
     -48.09498      25.99966
     -48.03098      25.99966
     -47.96698      25.99966
     -47.90298      25.99966
     -47.83898      25.99966
     -47.77498      25.99966
     -47.71098      25.99966
     -47.64698      25.99966
     -47.58298      25.99966
     -47.51798      25.99966
     -47.45398      25.99966
     -47.38998      25.99966
     -47.32598      25.99966
     -47.26198      25.99966
     -47.19798      25.99966
     -47.13398      25.99966
     -47.06998      25.99966
     -47.00598      25.99966
     -46.94198      25.99966
     -46.87798      25.99966
     -46.81398      25.99966
     -46.74998      25.99966
     -46.68598      25.99966
     -46.62198      25.99966
     -46.55798      25.99966
     -46.49298      25.99966
     -46.42898      25.99966
     -46.36498      25.99966
     -46.30098      25.99966
     -46.23698      25.99966
     -46.17298      25.99966
     -46.10898      25.99966
     -46.04498      25.99966
     -45.98098      25.99966
     -45.91698      25.99966
     -45.85298      25.99966
     -45.78898      25.99966
     -45.72498      25.99966
     -45.66098      25.99966
     -45.59698      25.99966
     -45.53198      25.99966
     -45.46798      25.99966
     -45.40398      25.99966
     -45.33998      25.99966
     -45.27598      25.99966
     -45.21198      25.99966
     -45.14798      25.99966
     -45.08398      25.99966
     -45.01998      25.99966
     -44.95598      25.99966
     -44.89198      25.99966
     -44.82798      25.99966
     -44.76398      25.99966
     -44.69998      25.99966
     -44.63598      25.99966
     -44.57198      25.99966
     -44.50698      25.99966
     -44.44298      25.99966
     -44.37898      25.99966
     -44.31498      25.99966
     -44.25098      25.99966
     -44.18698      25.99966
     -44.12298      25.99966
     -44.05898      25.99966
     -43.99498      25.99966
     -43.93098      25.99966
     -43.86698      25.99966
     -43.80298      25.99966
     -43.73898      25.99966
     -43.67498      25.99966
     -43.61098      25.99966
     -43.54598      25.99966
     -43.48198      25.99966
     -43.41798      25.99966
     -43.35398      25.99966
     -43.28998      25.99966
     -43.22598      25.99966
     -43.16198      25.99966
     -43.09798      25.99966
     -43.03398      25.99966
     -42.96998      25.99966
     -42.90598      25.99966
     -42.84198      25.99966
     -42.77798      25.99966
     -42.71398      25.99966
     -42.64998      25.99966
     -42.58598      25.99966
     -42.52098      25.99966
     -42.45698      25.99966
     -42.39298      25.99966
     -42.32898      25.99966
     -42.26498      25.99966
     -42.20098      25.99966
     -42.13698      25.99966
     -42.07298      25.99966
     -42.00898      25.99966
     -41.94498      25.99966
     -41.88098      25.99966
     -41.81698      25.99966
     -41.75298      25.99966
     -41.68898      25.99966
     -41.62498      25.99966
     -41.56098      25.99966
     -41.49598      25.99966
     -41.43198      25.99966
     -41.36798      25.99966
     -41.30398      25.99966
     -41.23998      25.99966
     -41.17598      25.99966
     -41.11198      25.99966
     -41.04798      25.99966
     -40.98398      25.99966
     -40.91998      25.99966
     -40.85598      25.99966
     -40.79198      25.99966
     -40.72798      25.99966
     -40.66398      25.99966
     -40.59998      25.99966
     -40.53498      25.99966
     -40.47098      25.99966
     -40.40698      25.99966
     -40.34298      25.99966
     -40.27898      25.99966
     -40.21498      25.99966
     -40.15098      25.99966
     -40.08698      25.99966
     -40.02298      25.99966
     -39.95898      25.99986
     -39.89498      26.00415
     -39.83098      26.04867
     -39.76698      26.28391
     -39.70298      26.97523
     -39.63898      28.27509
     -39.57498      30.20790
     -39.50998      32.88578
     -39.44598      36.16554
     -39.38198      39.43761
     -39.31798      42.42556
     -39.25398      45.83280
     -39.18998      50.50436
     -39.12598      55.75953
     -39.06198      59.68121
     -38.99798      61.46283
     -38.93398      61.92804
     -38.86998      61.99441
     -38.80598      61.99936
     -38.74198      61.99955
     -38.67798      61.99955
     -38.61398      61.99955
     -38.54898      61.99955
     -38.48498      61.99955
     -38.42098      61.99955
     -38.35698      61.99955
     -38.29298      61.99955
     -38.22898      61.99955
     -38.16498      61.99955
     -38.10098      61.99955
     -38.03698      61.99955
     -37.97298      61.99955
     -37.90898      61.99955
     -37.84498      61.99955
     -37.78098      61.99955
     -37.71698      61.99955
     -37.65298      61.99955
     -37.58898      61.99955
     -37.52398      61.99955
     -37.45998      61.99955
     -37.39598      61.99955
     -37.33198      61.99955
     -37.26798      61.99955
     -37.20398      61.99955
     -37.13998      61.99955
     -37.07598      61.99955
     -37.01198      61.99955
     -36.94798      61.99955
     -36.88398      61.99955
     -36.81998      61.99955
     -36.75598      61.99955
     -36.69198      61.99955
     -36.62798      61.99955
     -36.56398      61.99955
     -36.49898      61.99955
     -36.43498      61.99955
     -36.37098      61.99955
     -36.30698      61.99955
     -36.24298      61.99955
     -36.17898      61.99955
     -36.11498      61.99955
     -36.05098      61.99955
     -35.98698      61.99955
     -35.92298      61.99956
     -35.85898      61.99982
     -35.79498      62.00521
     -35.73098      62.05983
     -35.66698      62.34453
     -35.60298      63.17586
     -35.53798      64.73518
     -35.47398      67.07128
     -35.40998      70.46315
     -35.34598      75.10747
     -35.28198      80.43280
     -35.21798      85.26611
     -35.15398      88.74928
     -35.08998      90.91880
     -35.02598      92.51368
     -34.96198      94.29242
     -34.89798      96.15604
     -34.83398      97.40625
     -34.76998      97.88673
     -34.70598      97.98750
     -34.64198      97.99853
     -34.57798      97.99913
     -34.51298      97.99914
     -34.44898      97.99915
     -34.38498      97.99924
     -34.32098      98.00150
     -34.25698      98.02915
     -34.19298      98.20152
     -34.12898      98.81513
     -34.06498     100.26874
     -34.00098     102.91459
     -33.93698     106.99803
     -33.87298     112.54694
     -33.80898     118.97064
     -33.74498     124.99875
     -33.68098     129.64212
     -33.61698     132.92604
     -33.55298     135.47643
     -33.48798     137.63923
     -33.42398     139.14250
     -33.35998     139.80879
     -33.29598     139.97318
     -33.23198     139.99399
     -33.16798     139.99527
     -33.10398     139.99531
     -33.03998     139.99531
     -32.97598     139.99531
     -32.91198     139.99531
     -32.84798     139.99531
     -32.78398     139.99531
     -32.71998     139.99531
     -32.65598     139.99531
     -32.59198     139.99531
     -32.52698     139.99531
     -32.46298     139.99531
     -32.39898     139.99533
     -32.33498     139.99610
     -32.27098     140.00905
     -32.20698     140.11853
     -32.14298     140.61557
     -32.07898     141.95707
     -32.01498     144.43443
     -31.95098     148.05437
     -31.88698     152.52989
     -31.82298     157.31227
     -31.75898     162.08632
     -31.69498     166.75627
     -31.63098     170.88360
     -31.56698     173.82414
     -31.50198     175.35944
     -31.43798     175.94594
     -31.37398     176.35567
     -31.30998     177.21608
     -31.24598     178.79045
     -31.18198     181.05896
     -31.11798     183.84222
     -31.05398     186.81640
     -30.98998     189.67526
     -30.92598     192.01552
     -30.86198     193.42140
     -30.79798     194.14350
     -30.73398     195.09399
     -30.66998     197.05659
     -30.60598     200.17747
     -30.54098     204.10524
     -30.47698     207.97247
     -30.41298     210.60838
     -30.34898     211.71275
     -30.28498     212.03044
     -30.22098     212.41483
     -30.15698     213.48114
     -30.09298     215.24098
     -30.02898     216.87398
     -29.96498     217.72052
     -29.90098     217.95836
     -29.83698     217.99304
     -29.77298     217.99556
     -29.70898     217.99565
     -29.64498     217.99565
     -29.58098     217.99565
     -29.51598     217.99565
     -29.45198     217.99565
     -29.38798     217.99565
     -29.32398     217.99565
     -29.25998     217.99565
     -29.19598     217.99565
     -29.13198     217.99565
     -29.06798     217.99565
     -29.00398     217.99565
     -28.93998     217.99565
     -28.87598     217.99565
     -28.81198     217.99565
     -28.74798     217.99565
     -28.68398     217.99565
     -28.61998     217.99565
     -28.55598     217.99565
     -28.49098     217.99565
     -28.42698     217.99565
     -28.36298     217.99565
     -28.29898     217.99565
     -28.23498     217.99565
     -28.17098     217.99565
     -28.10698     217.99565
     -28.04298     217.99565
     -27.97898     217.99565
     -27.91498     217.99565
     -27.85098     217.99565
     -27.78698     217.99565
     -27.72298     217.99565
     -27.65898     217.99565
     -27.59498     217.99565
     -27.52998     217.99565
     -27.46598     217.99565
     -27.40198     217.99565
     -27.33798     217.99565
     -27.27398     217.99565
     -27.20998     217.99565
     -27.14598     217.99565
     -27.08198     217.99565
     -27.01798     217.99565
     -26.95398     217.99565
     -26.88998     217.99565
     -26.82598     217.99565
     -26.76198     217.99565
     -26.69798     217.99565
     -26.63398     217.99565
     -26.56998     217.99565
     -26.50498     217.99565
     -26.44098     217.99565
     -26.37698     217.99565
     -26.31298     217.99565
     -26.24898     217.99565
     -26.18498     217.99565
     -26.12098     217.99565
     -26.05698     217.99565
     -25.99298     217.99565
     -25.92898     217.99565
     -25.86498     217.99565
     -25.80098     217.99565
     -25.73698     217.99565
     -25.67298     217.99565
     -25.60898     217.99565
     -25.54398     217.99565
     -25.47998     217.99565
     -25.41598     217.99565
     -25.35198     217.99565
     -25.28798     217.99565
     -25.22398     217.99565
     -25.15998     217.99565
     -25.09598     217.99565
     -25.03198     217.99565
     -24.96798     217.99565
     -24.90398     217.99565
     -24.83998     217.99565
     -24.77598     217.99565
     -24.71198     217.99565
     -24.64798     217.99565
     -24.58398     217.99565
     -24.51898     217.99565
     -24.45498     217.99565
     -24.39098     217.99565
     -24.32698     217.99565
     -24.26298     217.99565
     -24.19898     217.99565
     -24.13498     217.99565
     -24.07098     217.99565
     -24.00698     217.99565
     -23.94298     217.99565
     -23.87898     217.99565
     -23.81498     217.99565
     -23.75098     217.99565
     -23.68698     217.99565
     -23.62298     217.99565
     -23.55898     217.99565
     -23.49398     217.99565
     -23.42998     217.99565
     -23.36598     217.99565
     -23.30198     217.99565
     -23.23798     217.99565
     -23.17398     217.99565
     -23.10998     217.99565
     -23.04598     217.99565
     -22.98198     217.99565
     -22.91798     217.99565
     -22.85398     217.99565
     -22.78998     217.99565
     -22.72598     217.99565
     -22.66198     217.99565
     -22.59798     217.99565
     -22.53298     217.99565
     -22.46898     217.99565
     -22.40498     217.99565
     -22.34098     217.99565
     -22.27698     217.99565
     -22.21298     217.99565
     -22.14898     217.99565
     -22.08498     217.99565
     -22.02098     217.99565
     -21.95698     217.99565
     -21.89298     217.99565
     -21.82898     217.99565
     -21.76498     217.99565
     -21.70098     217.99565
     -21.63698     217.99565
     -21.57298     217.99565
     -21.50798     217.99565
     -21.44398     217.99565
     -21.37998     217.99565
     -21.31598     217.99565
     -21.25198     217.99565
     -21.18798     217.99565
     -21.12398     217.99565
     -21.05998     217.99565
     -20.99598     217.99565
     -20.93198     217.99565
     -20.86798     217.99565
     -20.80398     217.99565
     -20.73998     217.99565
     -20.67598     217.99565
     -20.61198     217.99565
     -20.54698     217.99565
     -20.48298     217.99565
     -20.41898     217.99565
     -20.35498     217.99565
     -20.29098     217.99565
     -20.22698     217.99565
     -20.16298     217.99565
     -20.09898     217.99565
     -20.03498     217.99565
     -19.97098     217.99565
     -19.90698     217.99565
     -19.84298     217.99565
     -19.77898     217.99565
     -19.71498     217.99565
     -19.65098     217.99565
     -19.58698     217.99565
     -19.52198     217.99565
     -19.45798     217.99565
     -19.39398     217.99565
     -19.32998     217.99565
     -19.26598     217.99565
     -19.20198     217.99565
     -19.13798     217.99565
     -19.07398     217.99565
     -19.00998     217.99565
     -18.94598     217.99565
     -18.88198     217.99565
     -18.81798     217.99565
     -18.75398     217.99565
     -18.68998     217.99565
     -18.62598     217.99565
     -18.56198     217.99565
     -18.49698     217.99565
     -18.43298     217.99565
     -18.36898     217.99565
     -18.30498     217.99565
     -18.24098     217.99565
     -18.17698     217.99565
     -18.11298     217.99565
     -18.04898     217.99565
     -17.98498     217.99565
     -17.92098     217.99565
     -17.85698     217.99565
     -17.79298     217.99565
     -17.72898     217.99565
     -17.66498     217.99565
     -17.60098     217.99565
     -17.53598     217.99565
     -17.47198     217.99565
     -17.40798     217.99565
     -17.34398     217.99565
     -17.27998     217.99565
     -17.21598     217.99565
     -17.15198     217.99566
     -17.08798     217.99580
     -17.02398     217.99809
     -16.95998     218.01567
     -16.89598     218.08555
     -16.83198     218.24517
     -16.76798     218.49701
     -16.70398     218.82716
     -16.63998     219.18867
     -16.57598     219.50742
     -16.51098     219.76470
     -16.44698     220.00424
     -16.38298     220.34211
     -16.31898     220.87529
     -16.25498     221.46048
     -16.19098     221.86351
     -16.12698     222.11778
     -16.06298     222.45786
     -15.99898     222.99933
     -15.93498     223.63578
     -15.87098     224.27843
     -15.80698     225.03311
     -15.74298     225.94955
     -15.67898     226.86694
     -15.61498     227.66070
     -15.55098     228.45477
     -15.48598     229.45289
     -15.42198     230.62398
     -15.35798     231.83223
     -15.29398     233.12600
     -15.22998     234.60236
     -15.16598     236.25009
     -15.10198     238.00416
     -15.03798     239.77105
     -14.97398     241.45817
     -14.90998     242.84516
     -14.84598     243.65189
     -14.78198     243.93512
     -14.71798     243.98941
     -14.65398     243.99471
     -14.58998     243.99496
     -14.52498     243.99497
     -14.46098     243.99497
     -14.39698     243.99497
     -14.33298     243.99497
     -14.26898     243.99497
     -14.20498     243.99497
     -14.14098     243.99497
     -14.07698     243.99497
     -14.01298     243.99497
     -13.94898     243.99497
     -13.88498     243.99497
     -13.82098     243.99497
     -13.75698     243.99497
     -13.69298     243.99497
     -13.62898     243.99497
     -13.56498     243.99497
     -13.49998     243.99497
     -13.43598     243.99497
     -13.37198     243.99497
     -13.30798     243.99497
     -13.24398     243.99497
     -13.17998     243.99501
     -13.11598     243.99579
     -13.05198     244.00324
     -12.98798     244.03998
     -12.92398     244.14211
     -12.85998     244.32786
     -12.79598     244.60055
     -12.73198     244.96299
     -12.66798     245.37236
     -12.60398     245.76661
     -12.53898     246.14891
     -12.47498     246.53535
     -12.41098     246.89593
     -12.34698     247.23736
     -12.28298     247.64414
     -12.21898     248.20822
     -12.15498     248.91581
     -12.09098     249.61571
     -12.02698     250.26404
     -11.96298     251.06900
     -11.89898     252.16450
     -11.83498     253.44225
     -11.77098     254.82668
     -11.70698     256.34115
     -11.64298     257.92898
     -11.57898     259.46171
     -11.51398     260.90828
     -11.44998     262.34107
     -11.38598     263.76554
     -11.32198     265.17206
     -11.25798     266.63048
     -11.19398     268.18179
     -11.12998     269.78884
     -11.06598     271.29146
     -11.00198     272.51028
     -10.93798     273.51321
     -10.87398     274.47961
     -10.80998     275.48125
     -10.74598     276.51621
     -10.68198     277.49543
     -10.61798     278.36253
     -10.55398     279.20946
     -10.48898     280.07849
     -10.42498     280.82971
     -10.36098     281.32652
     -10.29698     281.60392
     -10.23298     281.77648
     -10.16898     281.89817
     -10.10498     281.96704
     -10.04098     281.99130
      -9.97698     281.99592
      -9.91298     281.99635
      -9.84898     281.99637
      -9.78498     281.99637
      -9.72098     281.99637
      -9.65698     281.99637
      -9.59298     281.99637
      -9.52798     281.99637
      -9.46398     281.99637
      -9.39998     281.99637
      -9.33598     281.99637
      -9.27198     281.99637
      -9.20798     281.99637
      -9.14398     281.99637
      -9.07998     281.99637
      -9.01598     281.99637
      -8.95198     281.99637
      -8.88798     281.99637
      -8.82398     281.99637
      -8.75998     281.99637
      -8.69598     281.99644
      -8.63198     281.99766
      -8.56798     282.00824
      -8.50298     282.05559
      -8.43898     282.17286
      -8.37498     282.35109
      -8.31098     282.55183
      -8.24698     282.77609
      -8.18298     283.05845
      -8.11898     283.39886
      -8.05498     283.74102
      -7.99098     284.04562
      -7.92698     284.34220
      -7.86298     284.66252
      -7.79898     285.03243
      -7.73498     285.53203
      -7.67098     286.23577
      -7.60698     287.11666
      -7.54198     288.06032
      -7.47798     289.01039
      -7.41398     290.04470
      -7.34998     291.18953
      -7.28598     292.32699
      -7.22198     293.40807
      -7.15798     294.55417
      -7.09398     295.84891
      -7.02998     297.17632
      -6.96598     298.41531
      -6.90198     299.63990
      -6.83798     300.98140
      -6.77398     302.49780
      -6.70998     304.15481
      -6.64598     305.87942
      -6.58198     307.68570
      -6.51698     309.56919
      -6.45298     311.45139
      -6.38898     313.36274
      -6.32498     315.36699
      -6.26098     317.39974
      -6.19698     319.37099
      -6.13298     321.23493
      -6.06898     323.00278
      -6.00498     324.81740
      -5.94098     326.84566
      -5.87698     329.02801
      -5.81298     331.19113
      -5.74898     333.35233
      -5.68498     335.58304
      -5.62098     337.87045
      -5.55698     340.24530
      -5.49198     342.70376
      -5.42798     345.17311
      -5.36398     347.70172
      -5.29998     350.46352
      -5.23598     353.54564
      -5.17198     356.91606
      -5.10798     360.52158
      -5.04398     364.24146
      -4.97998     367.98601
      -4.91598     371.80326
      -4.85198     375.62500
      -4.78798     379.30741
      -4.72398     382.98821
      -4.65998     386.83878
      -4.59598     390.76238
      -4.53098     394.69624
      -4.46698     398.65860
      -4.40298     402.57547
      -4.33898     406.44751
      -4.27498     410.36022
      -4.21098     414.27838
      -4.14698     418.06264
      -4.08298     421.69507
      -4.01898     425.27850
      -3.95498     428.81067
      -3.89098     432.29415
      -3.82698     435.78981
      -3.76298     439.17944
      -3.69898     442.30192
      -3.63498     445.15117
      -3.57098     447.64486
      -3.50598     449.63469
      -3.44198     451.25263
      -3.37798     452.82829
      -3.31398     454.59197
      -3.24998     456.58148
      -3.18598     458.61648
      -3.12198     460.45095
      -3.05798     462.01411
      -2.99398     463.39950
      -2.92998     464.70128
      -2.86598     465.88711
      -2.80198     466.83718
      -2.73798     467.56783
      -2.67398     468.28695
      -2.60998     469.14252
      -2.54498     470.05672
      -2.48098     470.87930
      -2.41698     471.57439
      -2.35298     472.22240
      -2.28898     472.90404
      -2.22498     473.57338
      -2.16098     474.14615
      -2.09698     474.67231
      -2.03298     475.24719
      -1.96898     475.85746
      -1.90498     476.47648
      -1.84098     477.19012
      -1.77698     478.02071
      -1.71298     478.83208
      -1.64898     479.56658
      -1.58498     480.35040
      -1.51998     481.30720
      -1.45598     482.38572
      -1.39198     483.44886
      -1.32798     484.46428
      -1.26398     485.50628
      -1.19998     486.57198
      -1.13598     487.55665
      -1.07198     488.49230
      -1.00798     489.54007
      -0.94398     490.75569
      -0.87998     492.07797
      -0.81598     493.48482
      -0.75198     495.01370
      -0.68798     496.66816
      -0.62398     498.34952
      -0.55998     499.90564
      -0.49498     501.34067
      -0.43098     502.75232
      -0.36698     504.12714
      -0.30298     505.46896
      -0.23898     506.82456
      -0.17498     508.12217
      -0.11098     509.21735
      -0.04698     510.06844
       0.01702     510.83240
       0.08102     511.71937
       0.14502     512.81006
       0.20902     514.06764
       0.27302     515.42772
       0.33702     516.85635
       0.40102     518.34359
       0.46602     519.86383
       0.53002     521.39817
       0.59402     522.98696
       0.65802     524.67601
       0.72202     526.55469
       0.78602     528.76810
       0.85002     531.30119
       0.91402     533.96786
       0.97802     536.58199
       1.04202     539.06255
       1.10602     541.46047
       1.17002     543.88978
       1.23402     546.51897
       1.29802     549.43517
       1.36202     552.45579
       1.42602     555.39473
       1.49102     558.30996
       1.55502     561.28798
       1.61902     564.31949
       1.68302     567.43044
       1.74702     570.70412
       1.81102     574.15012
       1.87502     577.67108
       1.93902     581.13599
       2.00302     584.47725
       2.06702     587.77366
       2.13102     591.14343
       2.19502     594.59617
       2.25902     598.08862
       2.32302     601.53527
       2.38702     604.80894
       2.45202     607.91028
       2.51602     610.91232
       2.58002     613.79457
       2.64402     616.56053
       2.70802     619.34636
       2.77202     622.28081
       2.83602     625.28670
       2.90002     628.19040
       2.96402     631.03549
       3.02802     634.00870
       3.09202     637.15777
       3.15602     640.37122
       3.22002     643.48570
       3.28402     646.40221
       3.34802     649.11853
       3.41202     651.62664
       3.47702     653.89771
       3.54102     655.97082
       3.60502     657.94816
       3.66902     659.87489
       3.73302     661.65234
       3.79702     663.17611
       3.86102     664.49711
       3.92502     665.70023
       3.98902     666.77811
       4.05302     667.68173
       4.11702     668.41046
       4.18102     669.09306
       4.24502     669.88586
       4.30902     670.70652
       4.37302     671.30725
       4.43702     671.61408
       4.50202     671.74945
       4.56602     671.84016
       4.63002     671.92396
       4.69402     671.97844
       4.75802     671.99784
       4.82202     672.00133
       4.88602     672.00163
       4.95002     672.00165
