Automatically generated mesh
     112
Reciprocal lattice
    0.00000000000000    0.00000000000000    0.00000000000000             1
    0.16666666666666    0.00000000000000    0.00000000000000             2
    0.33333333333334   -0.00000000000000    0.00000000000000             2
    0.50000000000000   -0.00000000000000    0.00000000000000             1
    0.00000000000000    0.16666666666666    0.00000000000000             2
    0.16666666666666    0.16666666666666    0.00000000000001             2
    0.33333333333334    0.16666666666666    0.00000000000001             2
    0.50000000000000    0.16666666666666   -0.00000000000001             2
   -0.33333333333334    0.16666666666666   -0.00000000000000             2
   -0.16666666666666    0.16666666666666   -0.00000000000000             2
    0.00000000000000    0.33333333333334   -0.00000000000001             2
    0.16666666666666    0.33333333333334   -0.00000000000001             2
    0.33333333333334    0.33333333333334   -0.00000000000000             2
    0.50000000000000    0.33333333333334   -0.00000000000000             2
   -0.33333333333334    0.33333333333334    0.00000000000000             2
   -0.16666666666666    0.33333333333334    0.00000000000000             2
   -0.00000000000000    0.50000000000000   -0.00000000000000             1
    0.16666666666666    0.50000000000000   -0.00000000000000             2
    0.33333333333334    0.50000000000000   -0.00000000000000             2
    0.50000000000000    0.50000000000000    0.00000000000000             1
    0.00000000000000   -0.00000000000000    0.16666666666667             2
    0.16666666666666    0.00000000000000    0.16666666666667             2
    0.33333333333334   -0.00000000000000    0.16666666666667             2
    0.50000000000000   -0.00000000000000    0.16666666666667             2
   -0.33333333333334    0.00000000000000    0.16666666666667             2
   -0.16666666666666    0.00000000000000    0.16666666666666             2
    0.00000000000000    0.16666666666666    0.16666666666667             2
    0.16666666666666    0.16666666666666    0.16666666666667             2
    0.33333333333334    0.16666666666666    0.16666666666667             2
    0.50000000000000    0.16666666666666    0.16666666666666             2
   -0.33333333333334    0.16666666666666    0.16666666666666             2
   -0.16666666666666    0.16666666666666    0.16666666666667             2
    0.00000000000000    0.33333333333334    0.16666666666666             2
    0.16666666666666    0.33333333333334    0.16666666666666             2
    0.33333333333334    0.33333333333334    0.16666666666666             2
    0.50000000000000    0.33333333333334    0.16666666666666             2
   -0.33333333333334    0.33333333333334    0.16666666666667             2
   -0.16666666666666    0.33333333333334    0.16666666666667             2
    0.00000000000000    0.50000000000000    0.16666666666666             2
    0.16666666666666    0.50000000000000    0.16666666666666             2
    0.33333333333334    0.50000000000000    0.16666666666667             2
    0.50000000000000    0.50000000000000    0.16666666666667             2
   -0.33333333333334    0.50000000000000    0.16666666666666             2
   -0.16666666666666    0.50000000000000    0.16666666666667             2
    0.00000000000000   -0.33333333333334    0.16666666666667             2
    0.16666666666666   -0.33333333333334    0.16666666666666             2
    0.33333333333334   -0.33333333333334    0.16666666666667             2
    0.50000000000000   -0.33333333333334    0.16666666666667             2
   -0.33333333333334   -0.33333333333334    0.16666666666667             2
   -0.16666666666666   -0.33333333333334    0.16666666666667             2
    0.00000000000000   -0.16666666666666    0.16666666666667             2
    0.16666666666666   -0.16666666666666    0.16666666666667             2
    0.33333333333334   -0.16666666666666    0.16666666666666             2
    0.50000000000000   -0.16666666666666    0.16666666666666             2
   -0.33333333333334   -0.16666666666666    0.16666666666666             2
   -0.16666666666666   -0.16666666666666    0.16666666666666             2
    0.00000000000000   -0.00000000000000    0.33333333333333             2
    0.16666666666666   -0.00000000000000    0.33333333333333             2
    0.33333333333334   -0.00000000000000    0.33333333333334             2
    0.50000000000000   -0.00000000000000    0.33333333333334             2
   -0.33333333333334    0.00000000000000    0.33333333333333             2
   -0.16666666666666    0.00000000000000    0.33333333333333             2
    0.00000000000000    0.16666666666666    0.33333333333334             2
    0.16666666666666    0.16666666666666    0.33333333333334             2
    0.33333333333334    0.16666666666666    0.33333333333334             2
    0.50000000000000    0.16666666666666    0.33333333333333             2
   -0.33333333333334    0.16666666666666    0.33333333333333             2
   -0.16666666666666    0.16666666666666    0.33333333333333             2
    0.00000000000000    0.33333333333334    0.33333333333333             2
    0.16666666666666    0.33333333333334    0.33333333333333             2
    0.33333333333334    0.33333333333334    0.33333333333333             2
    0.50000000000000    0.33333333333334    0.33333333333333             2
   -0.33333333333334    0.33333333333334    0.33333333333334             2
   -0.16666666666666    0.33333333333334    0.33333333333334             2
    0.00000000000000    0.50000000000000    0.33333333333333             2
    0.16666666666666    0.50000000000000    0.33333333333333             2
    0.33333333333334    0.50000000000000    0.33333333333333             2
    0.50000000000000    0.50000000000000    0.33333333333333             2
   -0.33333333333334    0.50000000000000    0.33333333333333             2
   -0.16666666666666    0.50000000000000    0.33333333333333             2
    0.00000000000000   -0.33333333333334    0.33333333333334             2
    0.16666666666666   -0.33333333333334    0.33333333333333             2
    0.33333333333334   -0.33333333333334    0.33333333333333             2
    0.50000000000000   -0.33333333333334    0.33333333333333             2
   -0.33333333333334   -0.33333333333334    0.33333333333334             2
   -0.16666666666666   -0.33333333333334    0.33333333333333             2
    0.00000000000000   -0.16666666666666    0.33333333333333             2
    0.16666666666666   -0.16666666666666    0.33333333333334             2
    0.33333333333334   -0.16666666666666    0.33333333333333             2
    0.50000000000000   -0.16666666666666    0.33333333333333             2
   -0.33333333333334   -0.16666666666666    0.33333333333333             2
   -0.16666666666666   -0.16666666666666    0.33333333333333             2
    0.00000000000000    0.00000000000000    0.50000000000000             1
    0.16666666666666   -0.00000000000000    0.50000000000000             2
    0.33333333333334   -0.00000000000000    0.50000000000000             2
    0.50000000000000   -0.00000000000000    0.50000000000000             1
    0.00000000000000    0.16666666666666    0.50000000000000             2
    0.16666666666666    0.16666666666666    0.50000000000001             2
    0.33333333333334    0.16666666666666    0.50000000000001             2
    0.50000000000000    0.16666666666666    0.49999999999999             2
   -0.33333333333334    0.16666666666666    0.50000000000000             2
   -0.16666666666666    0.16666666666666    0.50000000000000             2
    0.00000000000000    0.33333333333334    0.50000000000001             2
    0.16666666666666    0.33333333333334    0.49999999999999             2
    0.33333333333334    0.33333333333334    0.50000000000000             2
    0.50000000000000    0.33333333333334    0.50000000000000             2
   -0.33333333333334    0.33333333333334    0.50000000000000             2
   -0.16666666666666    0.33333333333334    0.50000000000000             2
    0.00000000000000    0.50000000000000    0.50000000000000             1
    0.16666666666666    0.50000000000000    0.50000000000000             2
    0.33333333333334    0.50000000000000    0.50000000000000             2
    0.50000000000000    0.50000000000000    0.50000000000000             1
Tetrahedra
       648    0.00077160493827
         2        28        29        35        64
         2        28        34        35        64
         2        34        35        64        70
         2        29        35        64        65
         2        35        64        65        71
         2        35        64        70        71
         2        29        30        36        65
         2        29        35        36        65
         2        35        36        65        71
         2        30        36        65        66
         2        36        65        66        72
         2        36        65        71        72
         2        30        31        37        66
         2        30        36        37        66
         2        36        37        66        72
         2        31        37        66        67
         2        37        66        67        73
         2        37        66        72        73
         2        31        32        38        67
         2        31        37        38        67
         2        37        38        67        73
         2        32        38        67        68
         2        38        67        68        74
         2        38        67        73        74
         2        27        32        33        68
         2        32        33        38        68
         2        33        38        68        74
         2        27        33        63        68
         2        33        63        68        69
         2        33        68        69        74
         2        27        28        34        63
         2        27        33        34        63
         2        33        34        63        69
         2        28        34        63        64
         2        34        63        64        70
         2        34        63        69        70
         2        34        35        41        70
         2        34        40        41        70
         2        40        41        70        76
         2        35        41        70        71
         2        41        70        71        77
         2        41        70        76        77
         2        35        36        42        71
         2        35        41        42        71
         2        41        42        71        77
         2        36        42        71        72
         2        42        71        72        78
         2        42        71        77        78
         2        36        37        43        72
         2        36        42        43        72
         2        42        43        72        78
         2        37        43        72        73
         2        43        72        73        79
         2        43        72        78        79
         2        37        38        44        73
         2        37        43        44        73
         2        43        44        73        79
         2        38        44        73        74
         2        44        73        74        80
         2        44        73        79        80
         2        33        38        39        74
         2        38        39        44        74
         2        39        44        74        80
         2        33        39        69        74
         2        39        69        74        75
         2        39        74        75        80
         2        33        34        40        69
         2        33        39        40        69
         2        39        40        69        75
         2        34        40        69        70
         2        40        69        70        76
         2        40        69        75        76
         2        40        41        47        76
         2        40        46        47        76
         2        46        47        76        82
         2        41        47        76        77
         2        47        76        77        83
         2        47        76        82        83
         2        41        42        48        77
         2        41        47        48        77
         2        47        48        77        83
         2        42        48        77        78
         2        48        77        78        84
         2        48        77        83        84
         2        42        43        49        78
         2        42        48        49        78
         2        48        49        78        84
         2        43        49        78        79
         2        49        78        79        85
         2        49        78        84        85
         2        43        44        50        79
         2        43        49        50        79
         2        49        50        79        85
         2        44        50        79        80
         2        50        79        80        86
         2        50        79        85        86
         2        39        44        45        80
         2        44        45        50        80
         2        45        50        80        86
         2        39        45        75        80
         2        45        75        80        81
         2        45        80        81        86
         2        39        40        46        75
         2        39        45        46        75
         2        45        46        75        81
         2        40        46        75        76
         2        46        75        76        82
         2        46        75        81        82
         2        46        47        53        82
         2        46        52        53        82
         2        52        53        82        88
         2        47        53        82        83
         2        53        82        83        89
         2        53        82        88        89
         2        47        48        54        83
         2        47        53        54        83
         2        53        54        83        89
         2        48        54        83        84
         2        54        83        84        90
         2        54        83        89        90
         2        48        49        55        84
         2        48        54        55        84
         2        54        55        84        90
         2        49        55        84        85
         2        55        84        85        91
         2        55        84        90        91
         2        49        50        56        85
         2        49        55        56        85
         2        55        56        85        91
         2        50        56        85        86
         2        56        85        86        92
         2        56        85        91        92
         2        45        50        51        86
         2        50        51        56        86
         2        51        56        86        92
         2        45        51        81        86
         2        51        81        86        87
         2        51        86        87        92
         2        45        46        52        81
         2        45        51        52        81
         2        51        52        81        87
         2        46        52        81        82
         2        52        81        82        88
         2        52        81        87        88
         2        23        52        53        88
         2        22        23        52        88
         2        22        23        58        88
         2        23        53        88        89
         2        23        59        88        89
         2        23        58        59        88
         2        24        53        54        89
         2        23        24        53        89
         2        23        24        59        89
         2        24        54        89        90
         2        24        60        89        90
         2        24        59        60        89
         2        25        54        55        90
         2        24        25        54        90
         2        24        25        60        90
         2        25        55        90        91
         2        25        61        90        91
         2        25        60        61        90
         2        26        55        56        91
         2        25        26        55        91
         2        25        26        61        91
         2        26        56        91        92
         2        26        62        91        92
         2        26        61        62        91
         2        21        51        56        92
         2        21        26        56        92
         2        21        26        62        92
         2        21        51        87        92
         2        21        57        87        92
         2        21        57        62        92
         2        22        51        52        87
         2        21        22        51        87
         2        21        22        57        87
         2        22        52        87        88
         2        22        58        87        88
         2        22        57        58        87
         2        22        23        29        58
         2        22        28        29        58
         2        28        29        58        64
         2        23        29        58        59
         2        29        58        59        65
         2        29        58        64        65
         2        23        24        30        59
         2        23        29        30        59
         2        29        30        59        65
         2        24        30        59        60
         2        30        59        60        66
         2        30        59        65        66
         2        24        25        31        60
         2        24        30        31        60
         2        30        31        60        66
         2        25        31        60        61
         2        31        60        61        67
         2        31        60        66        67
         2        25        26        32        61
         2        25        31        32        61
         2        31        32        61        67
         2        26        32        61        62
         2        32        61        62        68
         2        32        61        67        68
         2        21        26        27        62
         2        26        27        32        62
         2        27        32        62        68
         2        21        27        57        62
         2        27        57        62        63
         2        27        62        63        68
         2        21        22        28        57
         2        21        27        28        57
         2        27        28        57        63
         2        22        28        57        58
         2        28        57        58        64
         2        28        57        63        64
         2        64        65        71        98
         2        64        70        71        98
         2        70        71        98       104
         2        65        71        98        99
         2        71        98        99       105
         2        71        98       104       105
         2        65        66        72        99
         2        65        71        72        99
         2        71        72        99       105
         2        66        72        99       100
         2        72        99       100       106
         2        72        99       105       106
         2        66        67        73       100
         2        66        72        73       100
         2        72        73       100       106
         2        67        73       100       101
         2        73       100       101       107
         2        73       100       106       107
         2        67        68        74       101
         2        67        73        74       101
         2        73        74       101       107
         2        68        74       101       102
         2        74       101       102       108
         2        74       101       107       108
         2        63        68        69       102
         2        68        69        74       102
         2        69        74       102       108
         2        63        69        97       102
         2        69        97       102       103
         2        69       102       103       108
         2        63        64        70        97
         2        63        69        70        97
         2        69        70        97       103
         2        64        70        97        98
         2        70        97        98       104
         2        70        97       103       104
         2        70        71        77       104
         2        70        76        77       104
         2        76        77       104       110
         2        71        77       104       105
         2        77       104       105       111
         2        77       104       110       111
         2        71        72        78       105
         2        71        77        78       105
         2        77        78       105       111
         2        72        78       105       106
         2        78       105       106       112
         2        78       105       111       112
         2        72        73        79       106
         2        72        78        79       106
         2        78        79       106       112
         2        73        79       106       107
         2        79       106       107       111
         2        79       106       111       112
         2        73        74        80       107
         2        73        79        80       107
         2        79        80       107       111
         2        74        80       107       108
         2        80       107       108       110
         2        80       107       110       111
         2        69        74        75       108
         2        74        75        80       108
         2        75        80       108       110
         2        69        75       103       108
         2        75       103       108       109
         2        75       108       109       110
         2        69        70        76       103
         2        69        75        76       103
         2        75        76       103       109
         2        70        76       103       104
         2        76       103       104       110
         2        76       103       109       110
         2        76        77        83       110
         2        76        82        83       110
         2        82        83       108       110
         2        77        83       110       111
         2        83       107       110       111
         2        83       107       108       110
         2        77        78        84       111
         2        77        83        84       111
         2        83        84       107       111
         2        78        84       111       112
         2        84       106       111       112
         2        84       106       107       111
         2        78        79        85       112
         2        78        84        85       112
         2        84        85       106       112
         2        79        85       111       112
         2        85       105       111       112
         2        85       105       106       112
         2        79        80        86       111
         2        79        85        86       111
         2        85        86       105       111
         2        80        86       110       111
         2        86       104       110       111
         2        86       104       105       111
         2        75        80        81       110
         2        80        81        86       110
         2        81        86       104       110
         2        75        81       109       110
         2        81       103       109       110
         2        81       103       104       110
         2        75        76        82       109
         2        75        81        82       109
         2        81        82       103       109
         2        76        82       109       110
         2        82       108       109       110
         2        82       103       108       109
         2        82        83        89       108
         2        82        88        89       108
         2        88        89       102       108
         2        83        89       107       108
         2        89       101       107       108
         2        89       101       102       108
         2        83        84        90       107
         2        83        89        90       107
         2        89        90       101       107
         2        84        90       106       107
         2        90       100       106       107
         2        90       100       101       107
         2        84        85        91       106
         2        84        90        91       106
         2        90        91       100       106
         2        85        91       105       106
         2        91        99       105       106
         2        91        99       100       106
         2        85        86        92       105
         2        85        91        92       105
         2        91        92        99       105
         2        86        92       104       105
         2        92        98       104       105
         2        92        98        99       105
         2        81        86        87       104
         2        86        87        92       104
         2        87        92        98       104
         2        81        87       103       104
         2        87        97       103       104
         2        87        97        98       104
         2        81        82        88       103
         2        81        87        88       103
         2        87        88        97       103
         2        82        88       103       108
         2        88       102       103       108
         2        88        97       102       103
         2        59        88        89       102
         2        58        59        88       102
         2        58        59        94       102
         2        59        89       101       102
         2        59        95       101       102
         2        59        94        95       102
         2        60        89        90       101
         2        59        60        89       101
         2        59        60        95       101
         2        60        90       100       101
         2        60        96       100       101
         2        60        95        96       101
         2        61        90        91       100
         2        60        61        90       100
         2        60        61        96       100
         2        61        91        99       100
         2        61        95        99       100
         2        61        95        96       100
         2        62        91        92        99
         2        61        62        91        99
         2        61        62        95        99
         2        62        92        98        99
         2        62        94        98        99
         2        62        94        95        99
         2        57        87        92        98
         2        57        62        92        98
         2        57        62        94        98
         2        57        87        97        98
         2        57        93        97        98
         2        57        93        94        98
         2        58        87        88        97
         2        57        58        87        97
         2        57        58        93        97
         2        58        88        97       102
         2        58        94        97       102
         2        58        93        94        97
         2        58        59        65        94
         2        58        64        65        94
         2        64        65        94        98
         2        59        65        94        95
         2        65        94        95        99
         2        65        94        98        99
         2        59        60        66        95
         2        59        65        66        95
         2        65        66        95        99
         2        60        66        95        96
         2        66        95        96       100
         2        66        95        99       100
         2        60        61        67        96
         2        60        66        67        96
         2        66        67        96       100
         2        61        67        95        96
         2        67        95        96       101
         2        67        96       100       101
         2        61        62        68        95
         2        61        67        68        95
         2        67        68        95       101
         2        62        68        94        95
         2        68        94        95       102
         2        68        95       101       102
         2        57        62        63        94
         2        62        63        68        94
         2        63        68        94       102
         2        57        63        93        94
         2        63        93        94        97
         2        63        94        97       102
         2        57        58        64        93
         2        57        63        64        93
         2        63        64        93        97
         2        58        64        93        94
         2        64        93        94        98
         2        64        93        97        98
         2         6        49        55        56
         2         6        49        50        56
         2         6        12        49        50
         2         6         7        49        55
         2         6         7        13        49
         2         6        12        13        49
         2         7        48        54        55
         2         7        48        49        55
         2         7        13        48        49
         2         7         8        48        54
         2         7         8        14        48
         2         7        13        14        48
         2         8        47        53        54
         2         8        47        48        54
         2         8        14        47        48
         2         8         9        47        53
         2         8         9        15        47
         2         8        14        15        47
         2         9        46        52        53
         2         9        46        47        53
         2         9        15        46        47
         2         9        10        46        52
         2         9        10        16        46
         2         9        15        16        46
         2        10        45        51        52
         2        10        45        46        52
         2        10        16        45        46
         2         5        10        45        51
         2         5        10        11        45
         2        10        11        16        45
         2         5        50        51        56
         2         5        45        50        51
         2         5        11        45        50
         2         5         6        50        56
         2         5         6        12        50
         2         5        11        12        50
         2        12        43        49        50
         2        12        43        44        50
         2        12        18        43        44
         2        12        13        43        49
         2        12        13        19        43
         2        12        18        19        43
         2        13        42        48        49
         2        13        42        43        49
         2        13        19        42        43
         2        13        14        42        48
         2        13        14        20        42
         2        13        19        20        42
         2        14        41        47        48
         2        14        41        42        48
         2        14        20        41        42
         2        14        15        41        47
         2        14        15        19        41
         2        14        19        20        41
         2        15        40        46        47
         2        15        40        41        47
         2        15        19        40        41
         2        15        16        40        46
         2        15        16        18        40
         2        15        18        19        40
         2        16        39        45        46
         2        16        39        40        46
         2        16        18        39        40
         2        11        16        39        45
         2        11        16        17        39
         2        16        17        18        39
         2        11        44        45        50
         2        11        39        44        45
         2        11        17        39        44
         2        11        12        44        50
         2        11        12        18        44
         2        11        17        18        44
         2        18        37        43        44
         2        18        37        38        44
         2        16        18        37        38
         2        18        19        37        43
         2        15        18        19        37
         2        15        16        18        37
         2        19        36        42        43
         2        19        36        37        43
         2        15        19        36        37
         2        19        20        36        42
         2        14        19        20        36
         2        14        15        19        36
         2        20        35        41        42
         2        20        35        36        42
         2        14        20        35        36
         2        19        20        35        41
         2        13        19        20        35
         2        13        14        20        35
         2        19        34        40        41
         2        19        34        35        41
         2        13        19        34        35
         2        18        19        34        40
         2        12        18        19        34
         2        12        13        19        34
         2        18        33        39        40
         2        18        33        34        40
         2        12        18        33        34
         2        17        18        33        39
         2        11        17        18        33
         2        11        12        18        33
         2        17        38        39        44
         2        17        33        38        39
         2        11        17        33        38
         2        17        18        38        44
         2        16        17        18        38
         2        11        16        17        38
         2        16        31        37        38
         2        16        31        32        38
         2        10        16        31        32
         2        15        16        31        37
         2         9        15        16        31
         2         9        10        16        31
         2        15        30        36        37
         2        15        30        31        37
         2         9        15        30        31
         2        14        15        30        36
         2         8        14        15        30
         2         8         9        15        30
         2        14        29        35        36
         2        14        29        30        36
         2         8        14        29        30
         2        13        14        29        35
         2         7        13        14        29
         2         7         8        14        29
         2        13        28        34        35
         2        13        28        29        35
         2         7        13        28        29
         2        12        13        28        34
         2         6        12        13        28
         2         6         7        13        28
         2        12        27        33        34
         2        12        27        28        34
         2         6        12        27        28
         2        11        12        27        33
         2         5        11        12        27
         2         5         6        12        27
         2        11        32        33        38
         2        11        27        32        33
         2         5        11        27        32
         2        11        16        32        38
         2        10        11        16        32
         2         5        10        11        32
         2        10        25        31        32
         2        10        25        26        32
         2         2        10        25        26
         2         9        10        25        31
         2         3         9        10        25
         2         2         3        10        25
         2         9        24        30        31
         2         9        24        25        31
         2         3         9        24        25
         2         8         9        24        30
         2         4         8         9        24
         2         3         4         9        24
         2         8        23        29        30
         2         8        23        24        30
         2         4         8        23        24
         2         7         8        23        29
         2         3         7         8        23
         2         3         4         8        23
         2         7        22        28        29
         2         7        22        23        29
         2         3         7        22        23
         2         6         7        22        28
         2         2         6         7        22
         2         2         3         7        22
         2         6        21        27        28
         2         6        21        22        28
         2         2         6        21        22
         2         5         6        21        27
         2         1         5         6        21
         2         1         2         6        21
         2         5        26        27        32
         2         5        21        26        27
         2         1         5        21        26
         2         5        10        26        32
         2         2         5        10        26
         2         1         2         5        26
         2         2        25        26        55
         2         2        26        55        56
         2         2         6        55        56
         2         2         3        25        55
         2         2         3         7        55
         2         2         6         7        55
         2         3        24        25        54
         2         3        25        54        55
         2         3         7        54        55
         2         3         4        24        54
         2         3         4         8        54
         2         3         7         8        54
         2         4        23        24        53
         2         4        24        53        54
         2         4         8        53        54
         2         3         4        23        53
         2         3         4         9        53
         2         4         8         9        53
         2         3        22        23        52
         2         3        23        52        53
         2         3         9        52        53
         2         2         3        22        52
         2         2         3        10        52
         2         3         9        10        52
         2         2        21        22        51
         2         2        22        51        52
         2         2        10        51        52
         2         1         2        21        51
         2         1         2         5        51
         2         2         5        10        51
         2         1        21        26        56
         2         1        21        51        56
         2         1         5        51        56
         2         1         2        26        56
         2         1         2         6        56
         2         1         5         6        56
