      #Energy        tdos
     -58.52628       0.00000
     -58.46428       0.00000
     -58.40228       0.00000
     -58.34028       0.00000
     -58.27828       0.00000
     -58.21628       0.00000
     -58.15428       0.00000
     -58.09228       0.00000
     -58.03028       0.00000
     -57.96728       0.00000
     -57.90528       0.00003
     -57.84328       0.00099
     -57.78128       0.01415
     -57.71928       0.10721
     -57.65728       0.46679
     -57.59528       1.31531
     -57.53328       2.73932
     -57.47128       4.73306
     -57.40928       7.20748
     -57.34728       9.69337
     -57.28528      11.57013
     -57.22328      12.75862
     -57.16128      13.49486
     -57.09928      13.86528
     -57.03728      13.97939
     -56.97428      13.99814
     -56.91228      13.99969
     -56.85028      13.99976
     -56.78828      13.99976
     -56.72628      13.99976
     -56.66428      13.99976
     -56.60228      13.99976
     -56.54028      13.99976
     -56.47828      13.99976
     -56.41628      13.99976
     -56.35428      13.99976
     -56.29228      13.99976
     -56.23028      13.99976
     -56.16828      13.99988
     -56.10628      14.00238
     -56.04428      14.02940
     -55.98128      14.17883
     -55.91928      14.63505
     -55.85728      15.51602
     -55.79528      16.82708
     -55.73328      18.54868
     -55.67128      20.47695
     -55.60928      22.21469
     -55.54728      23.54096
     -55.48528      24.54791
     -55.42328      25.32369
     -55.36128      25.79005
     -55.29928      25.96188
     -55.23728      25.99616
     -55.17528      25.99965
     -55.11328      25.99982
     -55.05128      25.99983
     -54.98828      25.99983
     -54.92628      25.99983
     -54.86428      25.99983
     -54.80228      25.99983
     -54.74028      25.99983
     -54.67828      25.99983
     -54.61628      25.99983
     -54.55428      25.99983
     -54.49228      25.99983
     -54.43028      25.99983
     -54.36828      25.99983
     -54.30628      25.99983
     -54.24428      25.99983
     -54.18228      25.99983
     -54.12028      25.99983
     -54.05828      25.99983
     -53.99528      25.99983
     -53.93328      25.99983
     -53.87128      25.99983
     -53.80928      25.99983
     -53.74728      25.99983
     -53.68528      25.99983
     -53.62328      25.99983
     -53.56128      25.99983
     -53.49928      25.99983
     -53.43728      25.99983
     -53.37528      25.99983
     -53.31328      25.99983
     -53.25128      25.99983
     -53.18928      25.99983
     -53.12728      25.99983
     -53.06528      25.99983
     -53.00228      25.99983
     -52.94028      25.99983
     -52.87828      25.99983
     -52.81628      25.99983
     -52.75428      25.99983
     -52.69228      25.99983
     -52.63028      25.99983
     -52.56828      25.99983
     -52.50628      25.99983
     -52.44428      25.99983
     -52.38228      25.99983
     -52.32028      25.99983
     -52.25828      25.99983
     -52.19628      25.99983
     -52.13428      25.99983
     -52.07228      25.99983
     -52.00928      25.99983
     -51.94728      25.99983
     -51.88528      25.99983
     -51.82328      25.99983
     -51.76128      25.99983
     -51.69928      25.99983
     -51.63728      25.99983
     -51.57528      25.99983
     -51.51328      25.99983
     -51.45128      25.99983
     -51.38928      25.99983
     -51.32728      25.99983
     -51.26528      25.99983
     -51.20328      25.99983
     -51.14128      25.99983
     -51.07928      25.99983
     -51.01628      25.99983
     -50.95428      25.99983
     -50.89228      25.99983
     -50.83028      25.99983
     -50.76828      25.99983
     -50.70628      25.99983
     -50.64428      25.99983
     -50.58228      25.99983
     -50.52028      25.99983
     -50.45828      25.99983
     -50.39628      25.99983
     -50.33428      25.99983
     -50.27228      25.99983
     -50.21028      25.99983
     -50.14828      25.99983
     -50.08628      25.99983
     -50.02328      25.99983
     -49.96128      25.99983
     -49.89928      25.99983
     -49.83728      25.99983
     -49.77528      25.99983
     -49.71328      25.99983
     -49.65128      25.99985
     -49.58928      26.00065
     -49.52728      26.01196
     -49.46528      26.09313
     -49.40328      26.40189
     -49.34128      27.08004
     -49.27928      28.04200
     -49.21728      29.02506
     -49.15528      29.85452
     -49.09328      30.59430
     -49.03128      31.30615
     -48.96828      31.90735
     -48.90628      32.51227
     -48.84428      33.38455
     -48.78228      34.55566
     -48.72028      35.84159
     -48.65828      36.96026
     -48.59628      37.65479
     -48.53428      37.92880
     -48.47228      37.99146
     -48.41028      38.00588
     -48.34828      38.06247
     -48.28628      38.29542
     -48.22428      38.80671
     -48.16228      39.41970
     -48.10028      39.82484
     -48.03828      39.96951
     -47.97528      39.99643
     -47.91328      39.99895
     -47.85128      39.99907
     -47.78928      39.99907
     -47.72728      39.99907
     -47.66528      39.99907
     -47.60328      39.99907
     -47.54128      39.99907
     -47.47928      39.99907
     -47.41728      39.99907
     -47.35528      39.99907
     -47.29328      39.99907
     -47.23128      39.99907
     -47.16928      39.99907
     -47.10728      39.99907
     -47.04528      39.99907
     -46.98228      39.99907
     -46.92028      39.99907
     -46.85828      39.99907
     -46.79628      39.99907
     -46.73428      39.99907
     -46.67228      39.99907
     -46.61028      39.99907
     -46.54828      39.99907
     -46.48628      39.99907
     -46.42428      39.99907
     -46.36228      39.99907
     -46.30028      39.99907
     -46.23828      39.99907
     -46.17628      39.99907
     -46.11428      39.99907
     -46.05228      39.99907
     -45.98928      39.99907
     -45.92728      39.99907
     -45.86528      39.99907
     -45.80328      39.99907
     -45.74128      39.99907
     -45.67928      39.99907
     -45.61728      39.99907
     -45.55528      39.99907
     -45.49328      39.99907
     -45.43128      39.99907
     -45.36928      39.99907
     -45.30728      39.99907
     -45.24528      39.99907
     -45.18328      39.99907
     -45.12128      39.99907
     -45.05928      39.99907
     -44.99628      39.99907
     -44.93428      39.99907
     -44.87228      39.99907
     -44.81028      39.99907
     -44.74828      39.99907
     -44.68628      39.99907
     -44.62428      39.99907
     -44.56228      39.99907
     -44.50028      39.99907
     -44.43828      39.99907
     -44.37628      39.99907
     -44.31428      39.99907
     -44.25228      39.99907
     -44.19028      39.99907
     -44.12828      39.99907
     -44.06628      39.99907
     -44.00328      39.99907
     -43.94128      39.99907
     -43.87928      39.99907
     -43.81728      39.99907
     -43.75528      39.99907
     -43.69328      39.99907
     -43.63128      39.99907
     -43.56928      39.99907
     -43.50728      39.99907
     -43.44528      39.99907
     -43.38328      39.99907
     -43.32128      39.99907
     -43.25928      39.99907
     -43.19728      39.99907
     -43.13528      39.99907
     -43.07328      39.99907
     -43.01028      39.99907
     -42.94828      39.99907
     -42.88628      39.99907
     -42.82428      39.99907
     -42.76228      39.99907
     -42.70028      39.99907
     -42.63828      39.99907
     -42.57628      39.99907
     -42.51428      39.99907
     -42.45228      39.99907
     -42.39028      39.99907
     -42.32828      39.99907
     -42.26628      39.99907
     -42.20428      39.99907
     -42.14228      39.99907
     -42.08028      39.99907
     -42.01728      39.99907
     -41.95528      39.99907
     -41.89328      39.99907
     -41.83128      39.99907
     -41.76928      39.99907
     -41.70728      39.99907
     -41.64528      39.99907
     -41.58328      39.99907
     -41.52128      39.99907
     -41.45928      39.99907
     -41.39728      39.99907
     -41.33528      39.99907
     -41.27328      39.99907
     -41.21128      39.99907
     -41.14928      39.99907
     -41.08728      39.99907
     -41.02428      39.99907
     -40.96228      39.99907
     -40.90028      39.99907
     -40.83828      39.99907
     -40.77628      39.99907
     -40.71428      39.99907
     -40.65228      39.99907
     -40.59028      39.99907
     -40.52828      39.99907
     -40.46628      39.99907
     -40.40428      39.99907
     -40.34228      39.99907
     -40.28028      39.99907
     -40.21828      39.99907
     -40.15628      39.99907
     -40.09428      39.99907
     -40.03228      39.99907
     -39.96928      39.99907
     -39.90728      39.99907
     -39.84528      39.99907
     -39.78328      39.99907
     -39.72128      39.99907
     -39.65928      39.99907
     -39.59728      39.99907
     -39.53528      39.99907
     -39.47328      39.99907
     -39.41128      39.99907
     -39.34928      39.99907
     -39.28728      39.99907
     -39.22528      39.99907
     -39.16328      39.99907
     -39.10128      39.99907
     -39.03928      39.99907
     -38.97628      39.99907
     -38.91428      39.99907
     -38.85228      39.99907
     -38.79028      39.99907
     -38.72828      39.99907
     -38.66628      39.99907
     -38.60428      39.99907
     -38.54228      39.99907
     -38.48028      39.99907
     -38.41828      39.99907
     -38.35628      39.99907
     -38.29428      39.99907
     -38.23228      39.99907
     -38.17028      39.99907
     -38.10828      39.99907
     -38.04628      39.99907
     -37.98328      39.99907
     -37.92128      39.99907
     -37.85928      39.99907
     -37.79728      39.99907
     -37.73528      39.99907
     -37.67328      39.99907
     -37.61128      39.99907
     -37.54928      39.99907
     -37.48728      39.99907
     -37.42528      39.99907
     -37.36328      39.99907
     -37.30128      39.99907
     -37.23928      39.99907
     -37.17728      39.99907
     -37.11528      39.99907
     -37.05328      39.99907
     -36.99028      39.99907
     -36.92828      39.99907
     -36.86628      39.99907
     -36.80428      39.99907
     -36.74228      39.99907
     -36.68028      39.99907
     -36.61828      39.99907
     -36.55628      39.99907
     -36.49428      39.99907
     -36.43228      39.99907
     -36.37028      39.99907
     -36.30828      39.99907
     -36.24628      39.99907
     -36.18428      39.99907
     -36.12228      39.99907
     -36.06028      39.99907
     -35.99728      39.99907
     -35.93528      39.99907
     -35.87328      39.99907
     -35.81128      39.99907
     -35.74928      39.99907
     -35.68728      39.99908
     -35.62528      39.99935
     -35.56328      40.00501
     -35.50128      40.06688
     -35.43928      40.43429
     -35.37728      41.70160
     -35.31528      44.46553
     -35.25328      48.65131
     -35.19128      53.47850
     -35.12928      58.17597
     -35.06728      62.57679
     -35.00428      66.82711
     -34.94228      70.68986
     -34.88028      73.58505
     -34.81828      75.20767
     -34.75628      75.82950
     -34.69428      75.97798
     -34.63228      75.99820
     -34.57028      75.99967
     -34.50828      75.99972
     -34.44628      75.99972
     -34.38428      75.99972
     -34.32228      75.99976
     -34.26028      76.00084
     -34.19828      76.01599
     -34.13628      76.12928
     -34.07428      76.61945
     -34.01128      77.99102
     -33.94928      80.78195
     -33.88728      85.34786
     -33.82528      91.64715
     -33.76328      98.85877
     -33.70128     105.49630
     -33.63928     110.52116
     -33.57728     113.99508
     -33.51528     116.27524
     -33.45328     117.48111
     -33.39128     117.90285
     -33.32928     117.98927
     -33.26728     117.99894
     -33.20528     117.99950
     -33.14328     117.99952
     -33.08128     117.99952
     -33.01828     117.99952
     -32.95628     117.99952
     -32.89428     117.99952
     -32.83228     117.99952
     -32.77028     117.99952
     -32.70828     117.99952
     -32.64628     117.99952
     -32.58428     117.99952
     -32.52228     117.99952
     -32.46028     117.99954
     -32.39828     118.00015
     -32.33628     118.01039
     -32.27428     118.09792
     -32.21228     118.49574
     -32.15028     119.51946
     -32.08828     121.17496
     -32.02528     123.26707
     -31.96328     126.09928
     -31.90128     130.21275
     -31.83928     135.34404
     -31.77728     140.35586
     -31.71528     144.24715
     -31.65328     147.07346
     -31.59128     149.50164
     -31.52928     151.66140
     -31.46728     153.13910
     -31.40528     153.80006
     -31.34328     153.99326
     -31.28128     154.13628
     -31.21928     154.52615
     -31.15728     155.33516
     -31.09528     156.73342
     -31.03328     159.03561
     -30.97028     162.21940
     -30.90828     165.66881
     -30.84628     168.69247
     -30.78428     170.77186
     -30.72228     171.89456
     -30.66028     172.84225
     -30.59828     174.42638
     -30.53628     176.68482
     -30.47428     179.45093
     -30.41228     182.81624
     -30.35028     186.22500
     -30.28828     188.59981
     -30.22628     189.65865
     -30.16428     189.94935
     -30.10228     189.99596
     -30.04028     190.00006
     -29.97728     190.00025
     -29.91528     190.00025
     -29.85328     190.00025
     -29.79128     190.00025
     -29.72928     190.00025
     -29.66728     190.00025
     -29.60528     190.00025
     -29.54328     190.00025
     -29.48128     190.00025
     -29.41928     190.00025
     -29.35728     190.00025
     -29.29528     190.00025
     -29.23328     190.00025
     -29.17128     190.00025
     -29.10928     190.00025
     -29.04728     190.00025
     -28.98428     190.00025
     -28.92228     190.00025
     -28.86028     190.00025
     -28.79828     190.00025
     -28.73628     190.00025
     -28.67428     190.00025
     -28.61228     190.00025
     -28.55028     190.00025
     -28.48828     190.00025
     -28.42628     190.00025
     -28.36428     190.00025
     -28.30228     190.00025
     -28.24028     190.00025
     -28.17828     190.00025
     -28.11628     190.00026
     -28.05428     190.00046
     -27.99128     190.00463
     -27.92928     190.04664
     -27.86728     190.27034
     -27.80528     190.93884
     -27.74328     192.16860
     -27.68128     193.79370
     -27.61928     195.66239
     -27.55728     197.73464
     -27.49528     200.01697
     -27.43328     202.44856
     -27.37128     204.66945
     -27.30928     206.36033
     -27.24728     207.71049
     -27.18528     209.36817
     -27.12328     212.07128
     -27.06128     215.92068
     -26.99828     220.02516
     -26.93628     223.23470
     -26.87428     225.05932
     -26.81228     225.78557
     -26.75028     225.98724
     -26.68828     226.12490
     -26.62628     226.56712
     -26.56428     227.63273
     -26.50228     229.24944
     -26.44028     230.78113
     -26.37828     231.65810
     -26.31628     231.94564
     -26.25428     231.99642
     -26.19228     232.00102
     -26.13028     232.00122
     -26.06828     232.00123
     -26.00528     232.00123
     -25.94328     232.00123
     -25.88128     232.00123
     -25.81928     232.00123
     -25.75728     232.00123
     -25.69528     232.00123
     -25.63328     232.00123
     -25.57128     232.00123
     -25.50928     232.00123
     -25.44728     232.00123
     -25.38528     232.00123
     -25.32328     232.00123
     -25.26128     232.00123
     -25.19928     232.00123
     -25.13728     232.00123
     -25.07528     232.00123
     -25.01228     232.00123
     -24.95028     232.00123
     -24.88828     232.00123
     -24.82628     232.00123
     -24.76428     232.00123
     -24.70228     232.00123
     -24.64028     232.00123
     -24.57828     232.00123
     -24.51628     232.00123
     -24.45428     232.00123
     -24.39228     232.00123
     -24.33028     232.00123
     -24.26828     232.00123
     -24.20628     232.00123
     -24.14428     232.00123
     -24.08228     232.00123
     -24.01928     232.00123
     -23.95728     232.00123
     -23.89528     232.00123
     -23.83328     232.00123
     -23.77128     232.00123
     -23.70928     232.00123
     -23.64728     232.00123
     -23.58528     232.00123
     -23.52328     232.00123
     -23.46128     232.00123
     -23.39928     232.00123
     -23.33728     232.00123
     -23.27528     232.00123
     -23.21328     232.00123
     -23.15128     232.00123
     -23.08928     232.00123
     -23.02728     232.00123
     -22.96428     232.00123
     -22.90228     232.00123
     -22.84028     232.00123
     -22.77828     232.00123
     -22.71628     232.00123
     -22.65428     232.00123
     -22.59228     232.00123
     -22.53028     232.00123
     -22.46828     232.00123
     -22.40628     232.00123
     -22.34428     232.00123
     -22.28228     232.00123
     -22.22028     232.00123
     -22.15828     232.00123
     -22.09628     232.00123
     -22.03428     232.00123
     -21.97128     232.00123
     -21.90928     232.00123
     -21.84728     232.00123
     -21.78528     232.00123
     -21.72328     232.00123
     -21.66128     232.00123
     -21.59928     232.00123
     -21.53728     232.00123
     -21.47528     232.00123
     -21.41328     232.00123
     -21.35128     232.00123
     -21.28928     232.00123
     -21.22728     232.00123
     -21.16528     232.00123
     -21.10328     232.00123
     -21.04128     232.00123
     -20.97828     232.00123
     -20.91628     232.00123
     -20.85428     232.00123
     -20.79228     232.00123
     -20.73028     232.00123
     -20.66828     232.00123
     -20.60628     232.00123
     -20.54428     232.00123
     -20.48228     232.00123
     -20.42028     232.00123
     -20.35828     232.00123
     -20.29628     232.00123
     -20.23428     232.00123
     -20.17228     232.00123
     -20.11028     232.00123
     -20.04828     232.00123
     -19.98528     232.00123
     -19.92328     232.00123
     -19.86128     232.00123
     -19.79928     232.00123
     -19.73728     232.00123
     -19.67528     232.00123
     -19.61328     232.00123
     -19.55128     232.00123
     -19.48928     232.00123
     -19.42728     232.00123
     -19.36528     232.00123
     -19.30328     232.00123
     -19.24128     232.00123
     -19.17928     232.00123
     -19.11728     232.00123
     -19.05528     232.00123
     -18.99228     232.00123
     -18.93028     232.00123
     -18.86828     232.00123
     -18.80628     232.00123
     -18.74428     232.00123
     -18.68228     232.00123
     -18.62028     232.00123
     -18.55828     232.00123
     -18.49628     232.00123
     -18.43428     232.00123
     -18.37228     232.00123
     -18.31028     232.00123
     -18.24828     232.00123
     -18.18628     232.00123
     -18.12428     232.00123
     -18.06228     232.00123
     -17.99928     232.00123
     -17.93728     232.00123
     -17.87528     232.00123
     -17.81328     232.00123
     -17.75128     232.00123
     -17.68928     232.00123
     -17.62728     232.00123
     -17.56528     232.00123
     -17.50328     232.00123
     -17.44128     232.00123
     -17.37928     232.00123
     -17.31728     232.00123
     -17.25528     232.00123
     -17.19328     232.00123
     -17.13128     232.00123
     -17.06928     232.00123
     -17.00628     232.00123
     -16.94428     232.00123
     -16.88228     232.00123
     -16.82028     232.00123
     -16.75828     232.00123
     -16.69628     232.00123
     -16.63428     232.00123
     -16.57228     232.00123
     -16.51028     232.00123
     -16.44828     232.00123
     -16.38628     232.00123
     -16.32428     232.00123
     -16.26228     232.00124
     -16.20028     232.00148
     -16.13828     232.00432
     -16.07628     232.02288
     -16.01328     232.09490
     -15.95128     232.27305
     -15.88928     232.57634
     -15.82728     232.95806
     -15.76528     233.33468
     -15.70328     233.64009
     -15.64128     233.86584
     -15.57928     234.09038
     -15.51728     234.45111
     -15.45528     235.01861
     -15.39328     235.75187
     -15.33128     236.61981
     -15.26928     237.64539
     -15.20728     238.86273
     -15.14528     240.30723
     -15.08328     241.93201
     -15.02028     243.61824
     -14.95828     245.43138
     -14.89628     247.61783
     -14.83428     250.16641
     -14.77228     252.60917
     -14.71028     254.42386
     -14.64828     255.46899
     -14.58628     255.96024
     -14.52428     256.21311
     -14.46228     256.44988
     -14.40028     256.76295
     -14.33828     257.14702
     -14.27628     257.52191
     -14.21428     257.79607
     -14.15228     257.93956
     -14.09028     257.98977
     -14.02828     258.00058
     -13.96528     258.00191
     -13.90328     258.00200
     -13.84128     258.00200
     -13.77928     258.00200
     -13.71728     258.00200
     -13.65528     258.00200
     -13.59328     258.00200
     -13.53128     258.00200
     -13.46928     258.00200
     -13.40728     258.00200
     -13.34528     258.00200
     -13.28328     258.00200
     -13.22128     258.00200
     -13.15928     258.00200
     -13.09728     258.00200
     -13.03528     258.00200
     -12.97228     258.00200
     -12.91028     258.00200
     -12.84828     258.00201
     -12.78628     258.00226
     -12.72428     258.00500
     -12.66228     258.02207
     -12.60028     258.08738
     -12.53828     258.25253
     -12.47628     258.54763
     -12.41428     258.93890
     -12.35228     259.33607
     -12.29028     259.65165
     -12.22828     259.85196
     -12.16628     259.96193
     -12.10428     260.06105
     -12.04228     260.28605
     -11.97928     260.73867
     -11.91728     261.31628
     -11.85528     261.80663
     -11.79328     262.20513
     -11.73128     262.69238
     -11.66928     263.33848
     -11.60728     264.09036
     -11.54528     264.93286
     -11.48328     265.86503
     -11.42128     266.88378
     -11.35928     268.02013
     -11.29728     269.27720
     -11.23528     270.63698
     -11.17328     272.10785
     -11.11128     273.67368
     -11.04928     275.27519
     -10.98628     276.86522
     -10.92428     278.43166
     -10.86228     279.97422
     -10.80028     281.47860
     -10.73828     282.92154
     -10.67628     284.31080
     -10.61428     285.70161
     -10.55228     287.13928
     -10.49028     288.59495
     -10.42828     289.97614
     -10.36628     291.18169
     -10.30428     292.18182
     -10.24228     293.04511
     -10.18028     293.82895
     -10.11828     294.51536
     -10.05628     295.06948
      -9.99328     295.47667
      -9.93128     295.74267
      -9.86928     295.89376
      -9.80728     295.96596
      -9.74528     295.99300
      -9.68328     296.00024
      -9.62128     296.00152
      -9.55928     296.00167
      -9.49728     296.00167
      -9.43528     296.00167
      -9.37328     296.00167
      -9.31128     296.00167
      -9.24928     296.00167
      -9.18728     296.00167
      -9.12528     296.00167
      -9.06328     296.00167
      -9.00028     296.00167
      -8.93828     296.00167
      -8.87628     296.00167
      -8.81428     296.00167
      -8.75228     296.00167
      -8.69028     296.00167
      -8.62828     296.00167
      -8.56628     296.00167
      -8.50428     296.00167
      -8.44228     296.00167
      -8.38028     296.00167
      -8.31828     296.00167
      -8.25628     296.00167
      -8.19428     296.00167
      -8.13228     296.00167
      -8.07028     296.00167
      -8.00728     296.00167
      -7.94528     296.00168
      -7.88328     296.00180
      -7.82128     296.00272
      -7.75928     296.00744
      -7.69728     296.02451
      -7.63528     296.07047
      -7.57328     296.16434
      -7.51128     296.31716
      -7.44928     296.53677
      -7.38728     296.83836
      -7.32528     297.22355
      -7.26328     297.66704
      -7.20128     298.16854
      -7.13928     298.75232
      -7.07728     299.38474
      -7.01428     300.01653
      -6.95228     300.67035
      -6.89028     301.35986
      -6.82828     302.05496
      -6.76628     302.78015
      -6.70428     303.59658
      -6.64228     304.55047
      -6.58028     305.69862
      -6.51828     307.05747
      -6.45628     308.56030
      -6.39428     310.15437
      -6.33228     311.86262
      -6.27028     313.70059
      -6.20828     315.61893
      -6.14628     317.54906
      -6.08428     319.43699
      -6.02128     321.23927
      -5.95928     322.91184
      -5.89728     324.43516
      -5.83528     325.88896
      -5.77328     327.43834
      -5.71128     329.20401
      -5.64928     331.18503
      -5.58728     333.27900
      -5.52528     335.35653
      -5.46328     337.35896
      -5.40128     339.33843
      -5.33928     341.41037
      -5.27728     343.66726
      -5.21528     346.12088
      -5.15328     348.71694
      -5.09128     351.41695
      -5.02928     354.26436
      -4.96628     357.33115
      -4.90428     360.62510
      -4.84228     364.07947
      -4.78028     367.59870
      -4.71828     371.13686
      -4.65628     374.72529
      -4.59428     378.39129
      -4.53228     382.12898
      -4.47028     385.95511
      -4.40828     389.87029
      -4.34628     393.81278
      -4.28428     397.75497
      -4.22228     401.73811
      -4.16028     405.77742
      -4.09828     409.83349
      -4.03628     413.86659
      -3.97328     417.86804
      -3.91128     421.84560
      -3.84928     425.78995
      -3.78728     429.65269
      -3.72528     433.37549
      -3.66328     436.95181
      -3.60128     440.40960
      -3.53928     443.73706
      -3.47728     446.88547
      -3.41528     449.82566
      -3.35328     452.57035
      -3.29128     455.14562
      -3.22928     457.56045
      -3.16728     459.81641
      -3.10528     461.93179
      -3.04328     463.95253
      -2.98028     465.91649
      -2.91828     467.82645
      -2.85628     469.68397
      -2.79428     471.48811
      -2.73228     473.20195
      -2.67028     474.77678
      -2.60828     476.20296
      -2.54628     477.51309
      -2.48428     478.75744
      -2.42228     479.95400
      -2.36028     481.06522
      -2.29828     482.06969
      -2.23628     482.98728
      -2.17428     483.83691
      -2.11228     484.62013
      -2.05028     485.31647
      -1.98728     485.91465
      -1.92528     486.44643
      -1.86328     486.97371
      -1.80128     487.56367
      -1.73928     488.23798
      -1.67728     488.92780
      -1.61528     489.53945
      -1.55328     490.07675
      -1.49128     490.65188
      -1.42928     491.35535
      -1.36728     492.15161
      -1.30528     492.94166
      -1.24328     493.69292
      -1.18128     494.45629
      -1.11928     495.26868
      -1.05728     496.10776
      -0.99428     496.96235
      -0.93228     497.84146
      -0.87028     498.71064
      -0.80828     499.52645
      -0.74628     500.29664
      -0.68428     501.05659
      -0.62228     501.84384
      -0.56028     502.72047
      -0.49828     503.74232
      -0.43628     504.85354
      -0.37428     505.91170
      -0.31228     506.86063
      -0.25028     507.77139
      -0.18828     508.73770
      -0.12628     509.82378
      -0.06428     511.04330
      -0.00128     512.32457
       0.06072     513.58133
       0.12272     514.81481
       0.18472     516.07126
       0.24672     517.36557
       0.30872     518.68035
       0.37072     520.00165
       0.43272     521.34995
       0.49472     522.77583
       0.55672     524.30721
       0.61872     525.89289
       0.68072     527.46555
       0.74272     529.04813
       0.80472     530.71387
       0.86672     532.50374
       0.92872     534.42705
       0.99172     536.45834
       1.05372     538.53742
       1.11572     540.62332
       1.17772     542.73033
       1.23972     544.89257
       1.30172     547.13612
       1.36372     549.50751
       1.42572     552.05981
       1.48772     554.79861
       1.54972     557.67363
       1.61172     560.61227
       1.67372     563.55463
       1.73572     566.46814
       1.79772     569.35495
       1.85972     572.23960
       1.92172     575.13604
       1.98472     578.03495
       2.04672     580.92084
       2.10872     583.79928
       2.17072     586.69168
       2.23272     589.60363
       2.29472     592.52334
       2.35672     595.43157
       2.41872     598.30256
       2.48072     601.12546
       2.54272     603.89435
       2.60472     606.56519
       2.66672     609.08771
       2.72872     611.45569
       2.79072     613.66354
       2.85272     615.67311
       2.91472     617.45957
       2.97772     619.03408
       3.03972     620.41341
       3.10172     621.58359
       3.16372     622.50646
       3.22572     623.16447
       3.28772     623.57945
       3.34972     623.80737
       3.41172     623.92054
       3.47372     623.97378
