      #Energy        tdos
     -58.52628       0.00000
     -58.46428       0.00000
     -58.40228       0.00000
     -58.34028       0.00000
     -58.27828       0.00000
     -58.21628       0.00000
     -58.15428       0.00000
     -58.09228       0.00000
     -58.03028       0.00000
     -57.96728       0.00002
     -57.90528       0.00107
     -57.84328       0.02961
     -57.78128       0.39470
     -57.71928       2.60400
     -57.65728       8.98400
     -57.59528      18.36000
     -57.53328      27.53000
     -57.47128      36.72000
     -57.40928      43.02000
     -57.34728      37.09000
     -57.28528      23.39000
     -57.22328      14.91000
     -57.16128       8.81600
     -57.09928       3.12100
     -57.03728       0.55630
     -56.97428       0.04802
     -56.91228       0.00198
     -56.85028       0.00004
     -56.78828       0.00000
     -56.72628       0.00000
     -56.66428       0.00000
     -56.60228       0.00000
     -56.54028       0.00000
     -56.47828       0.00000
     -56.41628       0.00000
     -56.35428       0.00000
     -56.29228       0.00000
     -56.23028       0.00008
     -56.16828       0.00361
     -56.10628       0.07712
     -56.04428       0.79360
     -55.98128       4.02200
     -55.91928      10.68000
     -55.85728      17.71000
     -55.79528      24.54000
     -55.73328      30.94000
     -55.67128      31.20000
     -55.60928      24.80000
     -55.54728      17.94000
     -55.48528      14.51000
     -55.42328      10.49000
     -55.36128       4.53900
     -55.29928       0.99810
     -55.23728       0.10680
     -55.17528       0.00549
     -55.11328       0.00013
     -55.05128       0.00000
     -54.98828       0.00000
     -54.92628       0.00000
     -54.86428       0.00000
     -54.80228       0.00000
     -54.74028       0.00000
     -54.67828       0.00000
     -54.61628       0.00000
     -54.55428       0.00000
     -54.49228       0.00000
     -54.43028       0.00000
     -54.36828       0.00000
     -54.30628       0.00000
     -54.24428       0.00000
     -54.18228       0.00000
     -54.12028       0.00000
     -54.05828       0.00000
     -53.99528       0.00000
     -53.93328       0.00000
     -53.87128       0.00000
     -53.80928       0.00000
     -53.74728       0.00000
     -53.68528       0.00000
     -53.62328       0.00000
     -53.56128       0.00000
     -53.49928       0.00000
     -53.43728       0.00000
     -53.37528       0.00000
     -53.31328       0.00000
     -53.25128       0.00000
     -53.18928       0.00000
     -53.12728       0.00000
     -53.06528       0.00000
     -53.00228       0.00000
     -52.94028       0.00000
     -52.87828       0.00000
     -52.81628       0.00000
     -52.75428       0.00000
     -52.69228       0.00000
     -52.63028       0.00000
     -52.56828       0.00000
     -52.50628       0.00000
     -52.44428       0.00000
     -52.38228       0.00000
     -52.32028       0.00000
     -52.25828       0.00000
     -52.19628       0.00000
     -52.13428       0.00000
     -52.07228       0.00000
     -52.00928       0.00000
     -51.94728       0.00000
     -51.88528       0.00000
     -51.82328       0.00000
     -51.76128       0.00000
     -51.69928       0.00000
     -51.63728       0.00000
     -51.57528       0.00000
     -51.51328       0.00000
     -51.45128       0.00000
     -51.38928       0.00000
     -51.32728       0.00000
     -51.26528       0.00000
     -51.20328       0.00000
     -51.14128       0.00000
     -51.07928       0.00000
     -51.01628       0.00000
     -50.95428       0.00000
     -50.89228       0.00000
     -50.83028       0.00000
     -50.76828       0.00000
     -50.70628       0.00000
     -50.64428       0.00000
     -50.58228       0.00000
     -50.52028       0.00000
     -50.45828       0.00000
     -50.39628       0.00000
     -50.33428       0.00000
     -50.27228       0.00000
     -50.21028       0.00000
     -50.14828       0.00000
     -50.08628       0.00000
     -50.02328       0.00000
     -49.96128       0.00000
     -49.89928       0.00000
     -49.83728       0.00000
     -49.77528       0.00000
     -49.71328       0.00001
     -49.65128       0.00086
     -49.58928       0.02468
     -49.52728       0.33980
     -49.46528       2.27600
     -49.40328       7.67400
     -49.34128      14.18000
     -49.27928      16.82000
     -49.21728      14.86000
     -49.15528      11.87000
     -49.09328      11.97000
     -49.03128      10.97000
     -48.96828       8.40400
     -48.90628      11.09000
     -48.84428      17.02000
     -48.78228      20.72000
     -48.72028      20.72000
     -48.65828      15.33000
     -48.59628       7.05200
     -48.53428       1.77800
     -48.47228       0.24140
     -48.41028       0.22340
     -48.34828       1.60000
     -48.28628       5.90700
     -48.22428      10.57000
     -48.16228       9.18400
     -48.10028       3.87200
     -48.03828       0.79000
     -47.97528       0.07761
     -47.91328       0.00365
     -47.85128       0.00008
     -47.78928       0.00000
     -47.72728       0.00000
     -47.66528       0.00000
     -47.60328       0.00000
     -47.54128       0.00000
     -47.47928       0.00000
     -47.41728       0.00000
     -47.35528       0.00000
     -47.29328       0.00000
     -47.23128       0.00000
     -47.16928       0.00000
     -47.10728       0.00000
     -47.04528       0.00000
     -46.98228       0.00000
     -46.92028       0.00000
     -46.85828       0.00000
     -46.79628       0.00000
     -46.73428       0.00000
     -46.67228       0.00000
     -46.61028       0.00000
     -46.54828       0.00000
     -46.48628       0.00000
     -46.42428       0.00000
     -46.36228       0.00000
     -46.30028       0.00000
     -46.23828       0.00000
     -46.17628       0.00000
     -46.11428       0.00000
     -46.05228       0.00000
     -45.98928       0.00000
     -45.92728       0.00000
     -45.86528       0.00000
     -45.80328       0.00000
     -45.74128       0.00000
     -45.67928       0.00000
     -45.61728       0.00000
     -45.55528       0.00000
     -45.49328       0.00000
     -45.43128       0.00000
     -45.36928       0.00000
     -45.30728       0.00000
     -45.24528       0.00000
     -45.18328       0.00000
     -45.12128       0.00000
     -45.05928       0.00000
     -44.99628       0.00000
     -44.93428       0.00000
     -44.87228       0.00000
     -44.81028       0.00000
     -44.74828       0.00000
     -44.68628       0.00000
     -44.62428       0.00000
     -44.56228       0.00000
     -44.50028       0.00000
     -44.43828       0.00000
     -44.37628       0.00000
     -44.31428       0.00000
     -44.25228       0.00000
     -44.19028       0.00000
     -44.12828       0.00000
     -44.06628       0.00000
     -44.00328       0.00000
     -43.94128       0.00000
     -43.87928       0.00000
     -43.81728       0.00000
     -43.75528       0.00000
     -43.69328       0.00000
     -43.63128       0.00000
     -43.56928       0.00000
     -43.50728       0.00000
     -43.44528       0.00000
     -43.38328       0.00000
     -43.32128       0.00000
     -43.25928       0.00000
     -43.19728       0.00000
     -43.13528       0.00000
     -43.07328       0.00000
     -43.01028       0.00000
     -42.94828       0.00000
     -42.88628       0.00000
     -42.82428       0.00000
     -42.76228       0.00000
     -42.70028       0.00000
     -42.63828       0.00000
     -42.57628       0.00000
     -42.51428       0.00000
     -42.45228       0.00000
     -42.39028       0.00000
     -42.32828       0.00000
     -42.26628       0.00000
     -42.20428       0.00000
     -42.14228       0.00000
     -42.08028       0.00000
     -42.01728       0.00000
     -41.95528       0.00000
     -41.89328       0.00000
     -41.83128       0.00000
     -41.76928       0.00000
     -41.70728       0.00000
     -41.64528       0.00000
     -41.58328       0.00000
     -41.52128       0.00000
     -41.45928       0.00000
     -41.39728       0.00000
     -41.33528       0.00000
     -41.27328       0.00000
     -41.21128       0.00000
     -41.14928       0.00000
     -41.08728       0.00000
     -41.02428       0.00000
     -40.96228       0.00000
     -40.90028       0.00000
     -40.83828       0.00000
     -40.77628       0.00000
     -40.71428       0.00000
     -40.65228       0.00000
     -40.59028       0.00000
     -40.52828       0.00000
     -40.46628       0.00000
     -40.40428       0.00000
     -40.34228       0.00000
     -40.28028       0.00000
     -40.21828       0.00000
     -40.15628       0.00000
     -40.09428       0.00000
     -40.03228       0.00000
     -39.96928       0.00000
     -39.90728       0.00000
     -39.84528       0.00000
     -39.78328       0.00000
     -39.72128       0.00000
     -39.65928       0.00000
     -39.59728       0.00000
     -39.53528       0.00000
     -39.47328       0.00000
     -39.41128       0.00000
     -39.34928       0.00000
     -39.28728       0.00000
     -39.22528       0.00000
     -39.16328       0.00000
     -39.10128       0.00000
     -39.03928       0.00000
     -38.97628       0.00000
     -38.91428       0.00000
     -38.85228       0.00000
     -38.79028       0.00000
     -38.72828       0.00000
     -38.66628       0.00000
     -38.60428       0.00000
     -38.54228       0.00000
     -38.48028       0.00000
     -38.41828       0.00000
     -38.35628       0.00000
     -38.29428       0.00000
     -38.23228       0.00000
     -38.17028       0.00000
     -38.10828       0.00000
     -38.04628       0.00000
     -37.98328       0.00000
     -37.92128       0.00000
     -37.85928       0.00000
     -37.79728       0.00000
     -37.73528       0.00000
     -37.67328       0.00000
     -37.61128       0.00000
     -37.54928       0.00000
     -37.48728       0.00000
     -37.42528       0.00000
     -37.36328       0.00000
     -37.30128       0.00000
     -37.23928       0.00000
     -37.17728       0.00000
     -37.11528       0.00000
     -37.05328       0.00000
     -36.99028       0.00000
     -36.92828       0.00000
     -36.86628       0.00000
     -36.80428       0.00000
     -36.74228       0.00000
     -36.68028       0.00000
     -36.61828       0.00000
     -36.55628       0.00000
     -36.49428       0.00000
     -36.43228       0.00000
     -36.37028       0.00000
     -36.30828       0.00000
     -36.24628       0.00000
     -36.18428       0.00000
     -36.12228       0.00000
     -36.06028       0.00000
     -35.99728       0.00000
     -35.93528       0.00000
     -35.87328       0.00000
     -35.81128       0.00000
     -35.74928       0.00000
     -35.68728       0.00020
     -35.62528       0.00844
     -35.56328       0.17400
     -35.50128       1.82000
     -35.43928      10.02000
     -35.37728      30.82000
     -35.31528      58.25000
     -35.25328      76.64000
     -35.19128      78.92000
     -35.12928      72.46000
     -35.06728      69.36000
     -35.00428      67.61000
     -34.94228      56.87000
     -34.88028      36.43000
     -34.81828      15.86000
     -34.75628       4.17900
     -34.69428       0.60610
     -34.63228       0.04547
     -34.57028       0.00170
     -34.50828       0.00003
     -34.44628       0.00000
     -34.38428       0.00002
     -34.32228       0.00122
     -34.26028       0.03347
     -34.19828       0.45490
     -34.13628       3.19600
     -34.07428      12.60000
     -34.01128      31.60000
     -33.94928      58.34000
     -33.88728      88.80000
     -33.82528     114.20000
     -33.76328     118.20000
     -33.70128      95.70000
     -33.63928      66.23000
     -33.57728      45.72000
     -33.51528      27.76000
     -33.45328      11.10000
     -33.39128       2.49100
     -33.32928       0.29400
     -33.26728       0.01759
     -33.20528       0.00052
     -33.14328       0.00001
     -33.08128       0.00000
     -33.01828       0.00000
     -32.95628       0.00000
     -32.89428       0.00000
     -32.83228       0.00000
     -32.77028       0.00000
     -32.70828       0.00000
     -32.64628       0.00000
     -32.58428       0.00000
     -32.52228       0.00001
     -32.46028       0.00057
     -32.39828       0.01910
     -32.33628       0.31090
     -32.27428       2.51000
     -32.21228      10.31000
     -32.15028      22.68000
     -32.08828      30.67000
     -32.02528      36.75000
     -31.96328      54.52000
     -31.90128      78.04000
     -31.83928      87.32000
     -31.77728      74.19000
     -31.71528      51.21000
     -31.65328      39.87000
     -31.59128      38.38000
     -31.52928      31.22000
     -31.46728      16.40000
     -31.40528       4.90000
     -31.34328       1.32600
     -31.28128       3.28300
     -31.21928       9.28100
     -31.15728      16.79000
     -31.09528      28.27000
     -31.03328      45.92000
     -30.97028      56.68000
     -30.90828      54.48000
     -30.84628      42.96000
     -30.78428      24.05000
     -30.72228      12.13000
     -30.66028      18.41000
     -30.59828      32.64000
     -30.53628      40.14000
     -30.47428      49.00000
     -30.41228      59.45000
     -30.35028      50.40000
     -30.28828      26.13000
     -30.22628       7.99200
     -30.16428       1.37600
     -30.10228       0.12620
     -30.04028       0.00588
     -29.97728       0.00014
     -29.91528       0.00000
     -29.85328       0.00000
     -29.79128       0.00000
     -29.72928       0.00000
     -29.66728       0.00000
     -29.60528       0.00000
     -29.54328       0.00000
     -29.48128       0.00000
     -29.41928       0.00000
     -29.35728       0.00000
     -29.29528       0.00000
     -29.23328       0.00000
     -29.17128       0.00000
     -29.10928       0.00000
     -29.04728       0.00000
     -28.98428       0.00000
     -28.92228       0.00000
     -28.86028       0.00000
     -28.79828       0.00000
     -28.73628       0.00000
     -28.67428       0.00000
     -28.61228       0.00000
     -28.55028       0.00000
     -28.48828       0.00000
     -28.42628       0.00000
     -28.36428       0.00000
     -28.30228       0.00000
     -28.24028       0.00000
     -28.17828       0.00000
     -28.11628       0.00016
     -28.05428       0.00657
     -27.99128       0.12770
     -27.92928       1.22600
     -27.86728       5.98300
     -27.80528      15.56000
     -27.74328      24.07000
     -27.68128      28.30000
     -27.61928      31.92000
     -27.55728      34.86000
     -27.49528      38.69000
     -27.43328      39.67000
     -27.37128      31.90000
     -27.30928      22.59000
     -27.24728      20.92000
     -27.18528      32.50000
     -27.12328      54.61000
     -27.06128      69.44000
     -26.99828      62.83000
     -26.93628      40.60000
     -26.87428      18.20000
     -26.81228       5.20400
     -26.75028       1.29500
     -26.68828       3.14100
     -26.62628      11.11000
     -26.56428      23.23000
     -26.50228      28.87000
     -26.44028      20.49000
     -26.37828       7.77100
     -26.31628       1.49500
     -26.25428       0.14160
     -26.19228       0.00649
     -26.13028       0.00014
     -26.06828       0.00000
     -26.00528       0.00000
     -25.94328       0.00000
     -25.88128       0.00000
     -25.81928       0.00000
     -25.75728       0.00000
     -25.69528       0.00000
     -25.63328       0.00000
     -25.57128       0.00000
     -25.50928       0.00000
     -25.44728       0.00000
     -25.38528       0.00000
     -25.32328       0.00000
     -25.26128       0.00000
     -25.19928       0.00000
     -25.13728       0.00000
     -25.07528       0.00000
     -25.01228       0.00000
     -24.95028       0.00000
     -24.88828       0.00000
     -24.82628       0.00000
     -24.76428       0.00000
     -24.70228       0.00000
     -24.64028       0.00000
     -24.57828       0.00000
     -24.51628       0.00000
     -24.45428       0.00000
     -24.39228       0.00000
     -24.33028       0.00000
     -24.26828       0.00000
     -24.20628       0.00000
     -24.14428       0.00000
     -24.08228       0.00000
     -24.01928       0.00000
     -23.95728       0.00000
     -23.89528       0.00000
     -23.83328       0.00000
     -23.77128       0.00000
     -23.70928       0.00000
     -23.64728       0.00000
     -23.58528       0.00000
     -23.52328       0.00000
     -23.46128       0.00000
     -23.39928       0.00000
     -23.33728       0.00000
     -23.27528       0.00000
     -23.21328       0.00000
     -23.15128       0.00000
     -23.08928       0.00000
     -23.02728       0.00000
     -22.96428       0.00000
     -22.90228       0.00000
     -22.84028       0.00000
     -22.77828       0.00000
     -22.71628       0.00000
     -22.65428       0.00000
     -22.59228       0.00000
     -22.53028       0.00000
     -22.46828       0.00000
     -22.40628       0.00000
     -22.34428       0.00000
     -22.28228       0.00000
     -22.22028       0.00000
     -22.15828       0.00000
     -22.09628       0.00000
     -22.03428       0.00000
     -21.97128       0.00000
     -21.90928       0.00000
     -21.84728       0.00000
     -21.78528       0.00000
     -21.72328       0.00000
     -21.66128       0.00000
     -21.59928       0.00000
     -21.53728       0.00000
     -21.47528       0.00000
     -21.41328       0.00000
     -21.35128       0.00000
     -21.28928       0.00000
     -21.22728       0.00000
     -21.16528       0.00000
     -21.10328       0.00000
     -21.04128       0.00000
     -20.97828       0.00000
     -20.91628       0.00000
     -20.85428       0.00000
     -20.79228       0.00000
     -20.73028       0.00000
     -20.66828       0.00000
     -20.60628       0.00000
     -20.54428       0.00000
     -20.48228       0.00000
     -20.42028       0.00000
     -20.35828       0.00000
     -20.29628       0.00000
     -20.23428       0.00000
     -20.17228       0.00000
     -20.11028       0.00000
     -20.04828       0.00000
     -19.98528       0.00000
     -19.92328       0.00000
     -19.86128       0.00000
     -19.79928       0.00000
     -19.73728       0.00000
     -19.67528       0.00000
     -19.61328       0.00000
     -19.55128       0.00000
     -19.48928       0.00000
     -19.42728       0.00000
     -19.36528       0.00000
     -19.30328       0.00000
     -19.24128       0.00000
     -19.17928       0.00000
     -19.11728       0.00000
     -19.05528       0.00000
     -18.99228       0.00000
     -18.93028       0.00000
     -18.86828       0.00000
     -18.80628       0.00000
     -18.74428       0.00000
     -18.68228       0.00000
     -18.62028       0.00000
     -18.55828       0.00000
     -18.49628       0.00000
     -18.43428       0.00000
     -18.37228       0.00000
     -18.31028       0.00000
     -18.24828       0.00000
     -18.18628       0.00000
     -18.12428       0.00000
     -18.06228       0.00000
     -17.99928       0.00000
     -17.93728       0.00000
     -17.87528       0.00000
     -17.81328       0.00000
     -17.75128       0.00000
     -17.68928       0.00000
     -17.62728       0.00000
     -17.56528       0.00000
     -17.50328       0.00000
     -17.44128       0.00000
     -17.37928       0.00000
     -17.31728       0.00000
     -17.25528       0.00000
     -17.19328       0.00000
     -17.13128       0.00000
     -17.06928       0.00000
     -17.00628       0.00000
     -16.94428       0.00000
     -16.88228       0.00000
     -16.82028       0.00000
     -16.75828       0.00000
     -16.69628       0.00000
     -16.63428       0.00000
     -16.57228       0.00000
     -16.51028       0.00000
     -16.44828       0.00000
     -16.38628       0.00000
     -16.32428       0.00001
     -16.26228       0.00036
     -16.20028       0.00752
     -16.13828       0.08400
     -16.07628       0.51390
     -16.01328       1.80700
     -15.95128       3.93400
     -15.88928       5.84000
     -15.82728       6.46100
     -15.76528       5.67600
     -15.70328       4.16600
     -15.64128       3.10900
     -15.57928       4.12700
     -15.51728       7.49800
     -15.45528      10.79000
     -15.39328      12.84000
     -15.33128      15.13000
     -15.26928      17.92000
     -15.20728      21.31000
     -15.14528      25.24000
     -15.08328      27.12000
     -15.02028      27.22000
     -14.95828      31.21000
     -14.89628      39.25000
     -14.83428      42.88000
     -14.77228      35.84000
     -14.71028      22.64000
     -14.64828      11.04000
     -14.58628       4.79100
     -14.52428       3.35800
     -14.46228       4.27200
     -14.40028       5.81700
     -14.33828       6.56000
     -14.27628       5.52100
     -14.21428       3.31400
     -14.15228       1.31000
     -14.09028       0.30820
     -14.02828       0.04011
     -13.96528       0.00276
     -13.90328       0.00010
     -13.84128       0.00000
     -13.77928       0.00000
     -13.71728       0.00000
     -13.65528       0.00000
     -13.59328       0.00000
     -13.53128       0.00000
     -13.46928       0.00000
     -13.40728       0.00000
     -13.34528       0.00000
     -13.28328       0.00000
     -13.22128       0.00000
     -13.15928       0.00000
     -13.09728       0.00000
     -13.03528       0.00000
     -12.97228       0.00000
     -12.91028       0.00001
     -12.84828       0.00039
     -12.78628       0.00768
     -12.72428       0.08041
     -12.66228       0.46970
     -12.60028       1.63500
     -12.53828       3.68700
     -12.47628       5.82300
     -12.41428       6.78600
     -12.35228       6.01300
     -12.29028       4.15700
     -12.22828       2.29800
     -12.16628       1.24600
     -12.10428       1.94800
     -12.04228       5.30300
     -11.97928       9.28300
     -11.91728       9.33100
     -11.85528       6.47100
     -11.79328       6.37100
     -11.73128       9.33100
     -11.66928      11.49000
     -11.60728      12.74000
     -11.54528      14.41000
     -11.48328      15.63000
     -11.42128      17.20000
     -11.35928      19.42000
     -11.29728      21.09000
     -11.23528      22.73000
     -11.17328      24.67000
     -11.11128      25.79000
     -11.04928      25.82000
     -10.98628      25.42000
     -10.92428      25.06000
     -10.86228      24.65000
     -10.80028      23.83000
     -10.73828      22.67000
     -10.67628      22.10000
     -10.61428      22.72000
     -10.55228      23.61000
     -10.49028      23.30000
     -10.42828      21.21000
     -10.36628      17.64000
     -10.30428      14.59000
     -10.24228      13.23000
     -10.18028      12.03000
     -10.11828      10.09000
     -10.05628       7.76700
      -9.99328       5.35500
      -9.93128       3.21700
      -9.86928       1.65200
      -9.80728       0.67490
      -9.74528       0.19630
      -9.68328       0.03713
      -9.62128       0.00426
      -9.55928       0.00028
      -9.49728       0.00001
      -9.43528       0.00000
      -9.37328       0.00000
      -9.31128       0.00000
      -9.24928       0.00000
      -9.18728       0.00000
      -9.12528       0.00000
      -9.06328       0.00000
      -9.00028       0.00000
      -8.93828       0.00000
      -8.87628       0.00000
      -8.81428       0.00000
      -8.75228       0.00000
      -8.69028       0.00000
      -8.62828       0.00000
      -8.56628       0.00000
      -8.50428       0.00000
      -8.44228       0.00000
      -8.38028       0.00000
      -8.31828       0.00000
      -8.25628       0.00000
      -8.19428       0.00000
      -8.13228       0.00000
      -8.07028       0.00000
      -8.00728       0.00001
      -7.94528       0.00025
      -7.88328       0.00346
      -7.82128       0.02632
      -7.75928       0.12580
      -7.69728       0.42410
      -7.63528       1.05700
      -7.57328       1.96800
      -7.51128       2.95700
      -7.44928       4.12000
      -7.38728       5.59900
      -7.32528       6.81400
      -7.26328       7.47800
      -7.20128       8.68300
      -7.13928      10.13000
      -7.07728      10.25000
      -7.01428      10.11000
      -6.95228      10.96000
      -6.89028      11.26000
      -6.82828      11.14000
      -6.76628      12.23000
      -6.70428      14.08000
      -6.64228      16.66000
      -6.58028      20.34000
      -6.51828      23.45000
      -6.45628      24.98000
      -6.39428      26.39000
      -6.33228      28.66000
      -6.27028      30.57000
      -6.20828      31.25000
      -6.14628      30.95000
      -6.08428      29.89000
      -6.02128      28.19000
      -5.95928      25.71000
      -5.89728      23.38000
      -5.83528      23.47000
      -5.77328      26.46000
      -5.71128      30.44000
      -5.64928      33.40000
      -5.58728      34.08000
      -5.52528      32.87000
      -5.46328      31.66000
      -5.40128      32.13000
      -5.33928      34.64000
      -5.27728      38.09000
      -5.21528      40.98000
      -5.15328      42.68000
      -5.09128      44.33000
      -5.02928      47.43000
      -4.96628      51.40000
      -4.90428      54.75000
      -4.84228      56.57000
      -4.78028      56.84000
      -4.71828      57.18000
      -4.65628      58.46000
      -4.59428      59.68000
      -4.53228      60.77000
      -4.47028      62.53000
      -4.40828      63.64000
      -4.34628      63.41000
      -4.28428      63.63000
      -4.22228      64.73000
      -4.16028      65.44000
      -4.09828      65.27000
      -4.03628      64.70000
      -3.97328      64.25000
      -3.91128      63.93000
      -3.84928      63.18000
      -3.78728      61.30000
      -3.72528      58.67000
      -3.66328      56.58000
      -3.60128      54.85000
      -3.53928      52.38000
      -3.47728      49.08000
      -3.41528      45.67000
      -3.35328      42.78000
      -3.29128      40.21000
      -3.22928      37.61000
      -3.16728      35.09000
      -3.10528      33.08000
      -3.04328      32.04000
      -2.98028      31.25000
      -2.91828      30.30000
      -2.85628      29.56000
      -2.79428      28.58000
      -2.73228      26.65000
      -2.67028      24.10000
      -2.60828      21.86000
      -2.54628      20.36000
      -2.48428      19.74000
      -2.42228      18.82000
      -2.36028      16.99000
      -2.29828      15.38000
      -2.23628      14.19000
      -2.17428      13.19000
      -2.11228      12.05000
      -2.05028      10.39000
      -1.98728       8.88700
      -1.92528       8.25000
      -1.86328       8.74200
      -1.80128      10.27000
      -1.73928      11.46000
      -1.67728      10.77000
      -1.61528       8.94100
      -1.55328       8.37400
      -1.49128      10.16000
      -1.42928      12.51000
      -1.36728      13.15000
      -1.30528      12.31000
      -1.24328      11.90000
      -1.18128      12.70000
      -1.11928      13.48000
      -1.05728      13.56000
      -0.99428      13.98000
      -0.93228      14.35000
      -0.87028      13.66000
      -0.80828      12.63000
      -0.74628      12.19000
      -0.68428      12.30000
      -0.62228      13.07000
      -0.56028      15.18000
      -0.49828      17.75000
      -0.43628      18.06000
      -0.37428      16.04000
      -0.31228      14.54000
      -0.25028      14.81000
      -0.18828      16.33000
      -0.12628      18.67000
      -0.06428      20.63000
      -0.00128      20.66000
       0.06072      19.84000
       0.12272      19.91000
       0.18472      20.58000
       0.24672      21.13000
       0.30872      21.24000
       0.37072      21.34000
       0.43272      22.11000
       0.49472      23.84000
       0.55672      25.51000
       0.61872      25.59000
       0.68072      25.09000
       0.74272      25.91000
       0.80472      27.77000
       0.86672      29.91000
       0.92872      32.07000
       0.99172      33.39000
       1.05372      33.61000
       1.11572      33.61000
       1.17772      34.29000
       1.23972      35.39000
       1.30172      36.91000
       1.36372      39.51000
       1.42572      42.74000
       1.48772      45.52000
       1.54972      47.13000
       1.61172      47.57000
       1.67372      47.25000
       1.73572      46.64000
       1.79772      46.39000
       1.85972      46.57000
       1.92172      46.77000
       1.98472      46.65000
       2.04672      46.35000
       2.10872      46.41000
       2.17072      46.80000
       2.23272      47.04000
       2.29472      47.05000
       2.35672      46.67000
       2.41872      45.85000
       2.48072      45.12000
       2.54272      44.11000
       2.60472      41.96000
       2.66672      39.33000
       2.72872      36.98000
       2.79072      34.17000
       2.85272      30.59000
       2.91472      26.98000
       2.97772      23.76000
       3.03972      20.69000
       3.10172      17.02000
       3.16372      12.72000
       3.22572       8.48500
       3.28772       4.88800
       3.34972       2.45700
       3.41172       1.19000
       3.47372       0.52570
