      #Energy        tdos
     -58.60020       0.00000
     -58.53520       0.00000
     -58.47020       0.00000
     -58.40520       0.00000
     -58.34020       0.00000
     -58.27520       0.00000
     -58.21020       0.00000
     -58.14520       0.00000
     -58.07920       0.00000
     -58.01420       0.00000
     -57.94920       0.00000
     -57.88420       0.00000
     -57.81920       0.00000
     -57.75420       0.00000
     -57.68920       0.00000
     -57.62420       0.00000
     -57.55920       0.00000
     -57.49420       0.00000
     -57.42920       0.00000
     -57.36420       0.00000
     -57.29920       0.00000
     -57.23420       0.00000
     -57.16920       0.00000
     -57.10420       0.00000
     -57.03820       0.00000
     -56.97320       0.00000
     -56.90820       0.00000
     -56.84320       0.00000
     -56.77820       0.00000
     -56.71320       0.00000
     -56.64820       0.00000
     -56.58320       0.00000
     -56.51820       0.00000
     -56.45320       0.00000
     -56.38820       0.00000
     -56.32320       0.00000
     -56.25820       0.00000
     -56.19320       0.00000
     -56.12820       0.00001
     -56.06220       0.00038
     -55.99720       0.00894
     -55.93220       0.10311
     -55.86720       0.62861
     -55.80220       2.20709
     -55.73720       4.92648
     -55.67220       7.79943
     -55.60720       9.87923
     -55.54220      11.10961
     -55.47720      11.73323
     -55.41220      11.95263
     -55.34720      11.99543
     -55.28220      11.99953
     -55.21720      11.99971
     -55.15220      11.99972
     -55.08620      11.99972
     -55.02120      11.99972
     -54.95620      11.99972
     -54.89120      11.99972
     -54.82620      11.99972
     -54.76120      11.99972
     -54.69620      11.99972
     -54.63120      11.99972
     -54.56620      11.99972
     -54.50120      11.99972
     -54.43620      11.99972
     -54.37120      11.99972
     -54.30620      11.99972
     -54.24120      11.99972
     -54.17620      11.99972
     -54.11120      11.99972
     -54.04520      11.99972
     -53.98020      11.99972
     -53.91520      11.99972
     -53.85020      11.99972
     -53.78520      11.99972
     -53.72020      11.99972
     -53.65520      11.99972
     -53.59020      11.99972
     -53.52520      11.99972
     -53.46020      11.99972
     -53.39520      11.99972
     -53.33020      11.99972
     -53.26520      11.99972
     -53.20020      11.99972
     -53.13520      11.99972
     -53.06920      11.99972
     -53.00420      11.99972
     -52.93920      11.99972
     -52.87420      11.99972
     -52.80920      11.99972
     -52.74420      11.99972
     -52.67920      11.99972
     -52.61420      11.99972
     -52.54920      11.99972
     -52.48420      11.99972
     -52.41920      11.99972
     -52.35420      11.99972
     -52.28920      11.99972
     -52.22420      11.99972
     -52.15920      11.99972
     -52.09320      11.99972
     -52.02820      11.99972
     -51.96320      11.99972
     -51.89820      11.99972
     -51.83320      11.99972
     -51.76820      11.99972
     -51.70320      11.99972
     -51.63820      11.99972
     -51.57320      11.99972
     -51.50820      11.99972
     -51.44320      11.99972
     -51.37820      11.99972
     -51.31320      11.99972
     -51.24820      11.99972
     -51.18320      11.99972
     -51.11820      11.99972
     -51.05220      11.99972
     -50.98720      11.99972
     -50.92220      11.99972
     -50.85720      11.99972
     -50.79220      11.99972
     -50.72720      11.99972
     -50.66220      11.99972
     -50.59720      11.99972
     -50.53220      11.99972
     -50.46720      11.99972
     -50.40220      11.99972
     -50.33720      11.99972
     -50.27220      11.99972
     -50.20720      11.99972
     -50.14220      11.99972
     -50.07620      11.99972
     -50.01120      11.99972
     -49.94620      11.99972
     -49.88120      11.99972
     -49.81620      11.99972
     -49.75120      11.99972
     -49.68620      11.99972
     -49.62120      11.99982
     -49.55620      12.00231
     -49.49120      12.03178
     -49.42620      12.19604
     -49.36120      12.64798
     -49.29620      13.29456
     -49.23120      13.82455
     -49.16620      14.25242
     -49.10120      14.93791
     -49.03520      15.99782
     -48.97020      17.18038
     -48.90520      18.37757
     -48.84020      19.91148
     -48.77520      22.00202
     -48.71020      24.10948
     -48.64520      25.43193
     -48.58020      25.90261
     -48.51520      25.99072
     -48.45020      25.99889
     -48.38520      25.99925
     -48.32020      25.99925
     -48.25520      25.99925
     -48.19020      25.99925
     -48.12520      25.99925
     -48.05920      25.99925
     -47.99420      25.99925
     -47.92920      25.99925
     -47.86420      25.99925
     -47.79920      25.99925
     -47.73420      25.99925
     -47.66920      25.99925
     -47.60420      25.99925
     -47.53920      25.99925
     -47.47420      25.99925
     -47.40920      25.99925
     -47.34420      25.99925
     -47.27920      25.99925
     -47.21420      25.99925
     -47.14920      25.99925
     -47.08320      25.99925
     -47.01820      25.99925
     -46.95320      25.99925
     -46.88820      25.99925
     -46.82320      25.99925
     -46.75820      25.99925
     -46.69320      25.99925
     -46.62820      25.99925
     -46.56320      25.99925
     -46.49820      25.99925
     -46.43320      25.99925
     -46.36820      25.99925
     -46.30320      25.99925
     -46.23820      25.99925
     -46.17320      25.99925
     -46.10820      25.99925
     -46.04220      25.99925
     -45.97720      25.99925
     -45.91220      25.99925
     -45.84720      25.99925
     -45.78220      25.99925
     -45.71720      25.99925
     -45.65220      25.99925
     -45.58720      25.99925
     -45.52220      25.99925
     -45.45720      25.99925
     -45.39220      25.99925
     -45.32720      25.99925
     -45.26220      25.99925
     -45.19720      25.99925
     -45.13220      25.99925
     -45.06620      25.99925
     -45.00120      25.99925
     -44.93620      25.99925
     -44.87120      25.99925
     -44.80620      25.99925
     -44.74120      25.99925
     -44.67620      25.99925
     -44.61120      25.99925
     -44.54620      25.99925
     -44.48120      25.99925
     -44.41620      25.99925
     -44.35120      25.99925
     -44.28620      25.99925
     -44.22120      25.99925
     -44.15620      25.99925
     -44.09020      25.99925
     -44.02520      25.99925
     -43.96020      25.99925
     -43.89520      25.99925
     -43.83020      25.99925
     -43.76520      25.99925
     -43.70020      25.99925
     -43.63520      25.99925
     -43.57020      25.99925
     -43.50520      25.99925
     -43.44020      25.99925
     -43.37520      25.99925
     -43.31020      25.99925
     -43.24520      25.99925
     -43.18020      25.99925
     -43.11520      25.99925
     -43.04920      25.99925
     -42.98420      25.99925
     -42.91920      25.99925
     -42.85420      25.99925
     -42.78920      25.99925
     -42.72420      25.99925
     -42.65920      25.99925
     -42.59420      25.99925
     -42.52920      25.99925
     -42.46420      25.99925
     -42.39920      25.99925
     -42.33420      25.99925
     -42.26920      25.99925
     -42.20420      25.99925
     -42.13920      25.99925
     -42.07320      25.99925
     -42.00820      25.99925
     -41.94320      25.99925
     -41.87820      25.99925
     -41.81320      25.99925
     -41.74820      25.99925
     -41.68320      25.99925
     -41.61820      25.99925
     -41.55320      25.99925
     -41.48820      25.99925
     -41.42320      25.99925
     -41.35820      25.99925
     -41.29320      25.99925
     -41.22820      25.99925
     -41.16320      25.99925
     -41.09720      25.99925
     -41.03220      25.99925
     -40.96720      25.99925
     -40.90220      25.99925
     -40.83720      25.99925
     -40.77220      25.99925
     -40.70720      25.99925
     -40.64220      25.99925
     -40.57720      25.99925
     -40.51220      25.99925
     -40.44720      25.99925
     -40.38220      25.99925
     -40.31720      25.99925
     -40.25220      25.99925
     -40.18720      25.99925
     -40.12220      25.99925
     -40.05620      25.99925
     -39.99120      25.99925
     -39.92620      25.99925
     -39.86120      25.99925
     -39.79620      25.99925
     -39.73120      25.99925
     -39.66620      25.99925
     -39.60120      25.99925
     -39.53620      25.99925
     -39.47120      25.99925
     -39.40620      25.99925
     -39.34120      25.99925
     -39.27620      25.99925
     -39.21120      25.99925
     -39.14620      25.99925
     -39.08020      25.99925
     -39.01520      25.99925
     -38.95020      25.99925
     -38.88520      25.99925
     -38.82020      25.99925
     -38.75520      25.99925
     -38.69020      25.99925
     -38.62520      25.99925
     -38.56020      25.99925
     -38.49520      25.99925
     -38.43020      25.99925
     -38.36520      25.99925
     -38.30020      25.99925
     -38.23520      25.99925
     -38.17020      25.99925
     -38.10520      25.99925
     -38.03920      25.99925
     -37.97420      25.99925
     -37.90920      25.99925
     -37.84420      25.99925
     -37.77920      25.99925
     -37.71420      25.99925
     -37.64920      25.99925
     -37.58420      25.99925
     -37.51920      25.99925
     -37.45420      25.99925
     -37.38920      25.99925
     -37.32420      25.99925
     -37.25920      25.99925
     -37.19420      25.99925
     -37.12920      25.99925
     -37.06320      25.99925
     -36.99820      25.99925
     -36.93320      25.99925
     -36.86820      25.99925
     -36.80320      25.99925
     -36.73820      25.99925
     -36.67320      25.99925
     -36.60820      25.99925
     -36.54320      25.99925
     -36.47820      25.99925
     -36.41320      25.99925
     -36.34820      25.99925
     -36.28320      25.99925
     -36.21820      25.99926
     -36.15320      25.99936
     -36.08720      26.00208
     -36.02220      26.03763
     -35.95720      26.27596
     -35.89220      27.18147
     -35.82720      29.32862
     -35.76220      32.72111
     -35.69720      36.48090
     -35.63220      39.74489
     -35.56720      42.58693
     -35.50220      45.42539
     -35.43720      48.11746
     -35.37220      50.40157
     -35.30720      52.57897
     -35.24220      55.17637
     -35.17720      58.07599
     -35.11220      60.40142
     -35.04620      61.58590
     -34.98120      61.93845
     -34.91620      61.99475
     -34.85120      61.99923
     -34.78620      61.99939
     -34.72120      61.99940
     -34.65620      61.99940
     -34.59120      61.99940
     -34.52620      61.99940
     -34.46120      61.99940
     -34.39620      61.99940
     -34.33120      61.99940
     -34.26620      61.99940
     -34.20120      61.99940
     -34.13620      61.99940
     -34.07020      61.99940
     -34.00520      61.99940
     -33.94020      61.99940
     -33.87520      61.99940
     -33.81020      61.99940
     -33.74520      61.99940
     -33.68020      61.99940
     -33.61520      61.99940
     -33.55020      61.99940
     -33.48520      61.99940
     -33.42020      61.99940
     -33.35520      61.99940
     -33.29020      61.99940
     -33.22520      61.99940
     -33.16020      61.99940
     -33.09420      61.99940
     -33.02920      61.99940
     -32.96420      61.99940
     -32.89920      61.99940
     -32.83420      61.99940
     -32.76920      61.99940
     -32.70420      61.99940
     -32.63920      61.99940
     -32.57420      61.99940
     -32.50920      61.99940
     -32.44420      61.99940
     -32.37920      61.99980
     -32.31420      62.00849
     -32.24920      62.10040
     -32.18420      62.59132
     -32.11920      64.02275
     -32.05320      66.62275
     -31.98820      70.22703
     -31.92320      74.76141
     -31.85820      79.95360
     -31.79320      85.14254
     -31.72820      89.79860
     -31.66320      93.61011
     -31.59820      96.22638
     -31.53320      97.52443
     -31.46820      97.95008
     -31.40320      98.16929
     -31.33820      98.68050
     -31.27320      99.81849
     -31.20820     101.93766
     -31.14320     105.20295
     -31.07720     109.00177
     -31.01220     112.31001
     -30.94720     114.51799
     -30.88220     115.64882
     -30.81720     116.37332
     -30.75220     117.79532
     -30.68720     120.67575
     -30.62220     124.73808
     -30.55720     128.90257
     -30.49220     131.97885
     -30.42720     133.52024
     -30.36220     134.23261
     -30.29720     135.26119
     -30.23220     137.03161
     -30.16720     138.77958
     -30.10220     139.70738
     -30.03620     139.96227
     -29.97120     139.99684
     -29.90620     139.99906
     -29.84120     139.99913
     -29.77620     139.99913
     -29.71120     139.99913
     -29.64620     139.99913
     -29.58120     139.99913
     -29.51620     139.99913
     -29.45120     139.99913
     -29.38620     139.99913
     -29.32120     139.99913
     -29.25620     139.99913
     -29.19120     139.99913
     -29.12620     139.99913
     -29.06020     139.99913
     -28.99520     139.99913
     -28.93020     139.99913
     -28.86520     139.99913
     -28.80020     139.99913
     -28.73520     139.99913
     -28.67020     139.99913
     -28.60520     139.99913
     -28.54020     139.99913
     -28.47520     139.99913
     -28.41020     139.99913
     -28.34520     139.99913
     -28.28020     139.99913
     -28.21520     139.99913
     -28.15020     139.99913
     -28.08420     139.99913
     -28.01920     139.99913
     -27.95420     139.99926
     -27.88920     140.00279
     -27.82420     140.04710
     -27.75920     140.32734
     -27.69420     141.26122
     -27.62920     142.97373
     -27.56420     144.81962
     -27.49920     146.38411
     -27.43420     148.39788
     -27.36920     151.57566
     -27.30420     155.48379
     -27.23920     159.34540
     -27.17420     163.17903
     -27.10920     167.46422
     -27.04320     172.12158
     -26.97820     176.24182
     -26.91320     178.96837
     -26.84820     180.46552
     -26.78320     181.34195
     -26.71820     181.81181
     -26.65320     181.96936
     -26.58820     181.99655
     -26.52320     181.99878
     -26.45820     181.99886
     -26.39320     181.99887
     -26.32820     181.99887
     -26.26320     181.99887
     -26.19820     181.99887
     -26.13320     181.99887
     -26.06720     181.99887
     -26.00220     181.99887
     -25.93720     181.99887
     -25.87220     181.99887
     -25.80720     181.99887
     -25.74220     181.99887
     -25.67720     181.99887
     -25.61220     181.99887
     -25.54720     181.99887
     -25.48220     181.99887
     -25.41720     181.99887
     -25.35220     181.99887
     -25.28720     181.99887
     -25.22220     181.99887
     -25.15720     181.99887
     -25.09120     181.99887
     -25.02620     181.99887
     -24.96120     181.99887
     -24.89620     181.99887
     -24.83120     181.99887
     -24.76620     181.99887
     -24.70120     181.99887
     -24.63620     181.99887
     -24.57120     181.99887
     -24.50620     181.99887
     -24.44120     181.99887
     -24.37620     181.99887
     -24.31120     181.99887
     -24.24620     181.99887
     -24.18120     181.99887
     -24.11620     181.99887
     -24.05020     181.99887
     -23.98520     181.99887
     -23.92020     181.99887
     -23.85520     181.99887
     -23.79020     181.99887
     -23.72520     181.99887
     -23.66020     181.99887
     -23.59520     181.99887
     -23.53020     181.99887
     -23.46520     181.99887
     -23.40020     181.99887
     -23.33520     181.99887
     -23.27020     181.99887
     -23.20520     181.99887
     -23.14020     181.99887
     -23.07420     181.99887
     -23.00920     181.99887
     -22.94420     181.99887
     -22.87920     181.99887
     -22.81420     181.99887
     -22.74920     181.99887
     -22.68420     181.99887
     -22.61920     181.99887
     -22.55420     181.99887
     -22.48920     181.99887
     -22.42420     181.99887
     -22.35920     181.99887
     -22.29420     181.99887
     -22.22920     181.99887
     -22.16420     181.99887
     -22.09820     181.99887
     -22.03320     181.99887
     -21.96820     181.99887
     -21.90320     181.99887
     -21.83820     181.99887
     -21.77320     181.99887
     -21.70820     181.99887
     -21.64320     181.99887
     -21.57820     181.99887
     -21.51320     181.99887
     -21.44820     181.99887
     -21.38320     181.99887
     -21.31820     181.99887
     -21.25320     181.99887
     -21.18820     181.99887
     -21.12320     181.99887
     -21.05720     181.99887
     -20.99220     181.99887
     -20.92720     181.99887
     -20.86220     181.99887
     -20.79720     181.99887
     -20.73220     181.99887
     -20.66720     181.99887
     -20.60220     181.99887
     -20.53720     181.99887
     -20.47220     181.99887
     -20.40720     181.99887
     -20.34220     181.99887
     -20.27720     181.99887
     -20.21220     181.99887
     -20.14720     181.99887
     -20.08120     181.99887
     -20.01620     181.99887
     -19.95120     181.99887
     -19.88620     181.99887
     -19.82120     181.99887
     -19.75620     181.99887
     -19.69120     181.99887
     -19.62620     181.99887
     -19.56120     181.99887
     -19.49620     181.99887
     -19.43120     181.99887
     -19.36620     181.99887
     -19.30120     181.99887
     -19.23620     181.99887
     -19.17120     181.99887
     -19.10620     181.99887
     -19.04020     181.99887
     -18.97520     181.99887
     -18.91020     181.99887
     -18.84520     181.99887
     -18.78020     181.99887
     -18.71520     181.99887
     -18.65020     181.99887
     -18.58520     181.99887
     -18.52020     181.99887
     -18.45520     181.99887
     -18.39020     181.99887
     -18.32520     181.99887
     -18.26020     181.99887
     -18.19520     181.99887
     -18.13020     181.99887
     -18.06420     181.99887
     -17.99920     181.99887
     -17.93420     181.99887
     -17.86920     181.99887
     -17.80420     181.99887
     -17.73920     181.99887
     -17.67420     181.99887
     -17.60920     181.99887
     -17.54420     181.99887
     -17.47920     181.99887
     -17.41420     181.99887
     -17.34920     181.99887
     -17.28420     181.99887
     -17.21920     181.99887
     -17.15420     181.99887
     -17.08820     181.99887
     -17.02320     181.99887
     -16.95820     181.99887
     -16.89320     181.99887
     -16.82820     181.99887
     -16.76320     181.99887
     -16.69820     181.99888
     -16.63320     181.99917
     -16.56820     182.00296
     -16.50320     182.02916
     -16.43820     182.13142
     -16.37320     182.37805
     -16.30820     182.77915
     -16.24320     183.24719
     -16.17820     183.65274
     -16.11320     183.94866
     -16.04720     184.27984
     -15.98220     184.91055
     -15.91720     185.90897
     -15.85220     186.98254
     -15.78720     187.84010
     -15.72220     188.55712
     -15.65720     189.29300
     -15.59220     190.03182
     -15.52720     190.81910
     -15.46220     191.73555
     -15.39720     192.71640
     -15.33220     193.62829
     -15.26720     194.43249
     -15.20220     195.33072
     -15.13720     196.63202
     -15.07120     198.39268
     -15.00620     200.34853
     -14.94120     202.19833
     -14.87620     203.77128
     -14.81120     205.06998
     -14.74620     206.19008
     -14.68120     207.11270
     -14.61620     207.70069
     -14.55120     207.93912
     -14.48620     207.99250
     -14.42120     207.99853
     -14.35620     207.99885
     -14.29120     207.99886
     -14.22620     207.99886
     -14.16120     207.99886
     -14.09520     207.99886
     -14.03020     207.99886
     -13.96520     207.99886
     -13.90020     207.99886
     -13.83520     207.99886
     -13.77020     207.99886
     -13.70520     207.99886
     -13.64020     207.99886
     -13.57520     207.99886
     -13.51020     207.99886
     -13.44520     207.99886
     -13.38020     207.99886
     -13.31520     207.99886
     -13.25020     207.99886
     -13.18520     207.99886
     -13.12020     207.99886
     -13.05420     207.99886
     -12.98920     207.99886
     -12.92420     207.99886
     -12.85920     207.99886
     -12.79420     207.99888
     -12.72920     207.99928
     -12.66420     208.00383
     -12.59920     208.03199
     -12.53420     208.13314
     -12.46920     208.36399
     -12.40420     208.73037
     -12.33920     209.16384
     -12.27420     209.56298
     -12.20920     209.86996
     -12.14420     210.14086
     -12.07820     210.51869
     -12.01320     211.07867
     -11.94820     211.76065
     -11.88320     212.51085
     -11.81820     213.34433
     -11.75320     214.31380
     -11.68820     215.52043
     -11.62320     217.00034
     -11.55820     218.67381
     -11.49320     220.41138
     -11.42820     222.10469
     -11.36320     223.79411
     -11.29820     225.57754
     -11.23320     227.44166
     -11.16820     229.30122
     -11.10320     231.04528
     -11.03720     232.60457
     -10.97220     234.03665
     -10.90720     235.45117
     -10.84220     236.87902
     -10.77720     238.25807
     -10.71220     239.51318
     -10.64720     240.61798
     -10.58220     241.58127
     -10.51720     242.41671
     -10.45220     243.14836
     -10.38720     243.81020
     -10.32220     244.41892
     -10.25720     244.95779
     -10.19220     245.39220
     -10.12720     245.69921
     -10.06120     245.88132
      -9.99620     245.96513
      -9.93120     245.99214
      -9.86620     245.99766
      -9.80120     245.99833
      -9.73620     245.99837
      -9.67120     245.99837
      -9.60620     245.99837
      -9.54120     245.99837
      -9.47620     245.99837
      -9.41120     245.99837
      -9.34620     245.99837
      -9.28120     245.99837
      -9.21620     245.99837
      -9.15120     245.99837
      -9.08520     245.99837
      -9.02020     245.99837
      -8.95520     245.99837
      -8.89020     245.99837
      -8.82520     245.99837
      -8.76020     245.99837
      -8.69520     245.99837
      -8.63020     245.99837
      -8.56520     245.99837
      -8.50020     245.99837
      -8.43520     245.99837
      -8.37020     245.99837
      -8.30520     245.99837
      -8.24020     245.99840
      -8.17520     245.99879
      -8.11020     246.00171
      -8.04420     246.01611
      -7.97920     246.06422
      -7.91420     246.17685
      -7.84920     246.37585
      -7.78420     246.67388
      -7.71920     247.07933
      -7.65420     247.57796
      -7.58920     248.15606
      -7.52420     248.81598
      -7.45920     249.51901
      -7.39420     250.22074
      -7.32920     250.93646
      -7.26420     251.68373
      -7.19920     252.49053
      -7.13420     253.43072
      -7.06820     254.53488
      -7.00320     255.76819
      -6.93820     257.08771
      -6.87320     258.45472
      -6.80820     259.85330
      -6.74320     261.30880
      -6.67820     262.87167
      -6.61320     264.55880
      -6.54820     266.32597
      -6.48320     268.11884
      -6.41820     269.90292
      -6.35320     271.65642
      -6.28820     273.37642
      -6.22320     275.10357
      -6.15820     276.92962
      -6.09220     278.91866
      -6.02720     281.04043
      -5.96220     283.22011
      -5.89720     285.40988
      -5.83220     287.63185
      -5.76720     289.93125
      -5.70220     292.29506
      -5.63720     294.69727
      -5.57220     297.14534
      -5.50720     299.66628
      -5.44220     302.31508
      -5.37720     305.14541
      -5.31220     308.14914
      -5.24720     311.25079
      -5.18220     314.38661
      -5.11720     317.57512
      -5.05120     320.89246
      -4.98620     324.39459
      -4.92120     328.09679
      -4.85620     332.04234
      -4.79120     336.24521
      -4.72620     340.57009
      -4.66120     344.87187
      -4.59620     349.16226
      -4.53120     353.52975
      -4.46620     357.99777
      -4.40120     362.49571
      -4.33620     366.92534
      -4.27120     371.25185
      -4.20620     375.51003
      -4.14120     379.69664
      -4.07520     383.75052
      -4.01020     387.63718
      -3.94520     391.36216
      -3.88020     394.92837
      -3.81520     398.31143
      -3.75020     401.46058
      -3.68520     404.31856
      -3.62020     406.87464
      -3.55520     409.21341
      -3.49020     411.45197
      -3.42520     413.64499
      -3.36020     415.78791
      -3.29520     417.83713
      -3.23020     419.73833
      -3.16520     421.49411
      -3.09920     423.15620
      -3.03420     424.75875
      -2.96920     426.28388
      -2.90420     427.69091
      -2.83920     428.97399
      -2.77420     430.14224
      -2.70920     431.20735
      -2.64420     432.21488
      -2.57920     433.20127
      -2.51420     434.14536
      -2.44920     435.00943
      -2.38420     435.77232
      -2.31920     436.43845
      -2.25420     437.08051
      -2.18920     437.78680
      -2.12420     438.57408
      -2.05820     439.43359
      -1.99320     440.36142
      -1.92820     441.32406
      -1.86320     442.29255
      -1.79820     443.27926
      -1.73320     444.29005
      -1.66820     445.28652
      -1.60320     446.24493
      -1.53820     447.21180
      -1.47320     448.21803
      -1.40820     449.20994
      -1.34320     450.15566
      -1.27820     451.12221
      -1.21320     452.19708
      -1.14820     453.37053
      -1.08220     454.56545
      -1.01720     455.75354
      -0.95220     456.92471
      -0.88720     458.04643
      -0.82220     459.13692
      -0.75720     460.26385
      -0.69220     461.46462
      -0.62720     462.72266
      -0.56220     463.98264
      -0.49720     465.21302
      -0.43220     466.45316
      -0.36720     467.73820
      -0.30220     469.02844
      -0.23720     470.26988
      -0.17220     471.45536
      -0.10720     472.59465
      -0.04120     473.70889
       0.02380     474.84753
       0.08880     476.05416
       0.15380     477.35026
       0.21880     478.74168
       0.28380     480.20141
       0.34880     481.69433
       0.41380     483.23604
       0.47880     484.87438
       0.54380     486.62366
       0.60880     488.46988
       0.67380     490.40166
       0.73880     492.39948
       0.80380     494.44708
       0.86880     496.55714
       0.93480     498.74430
       0.99980     501.00922
       1.06480     503.34961
       1.12980     505.74693
       1.19480     508.17256
       1.25980     510.61380
       1.32480     513.07586
       1.38980     515.56850
       1.45480     518.08945
       1.51980     520.62015
       1.58480     523.14338
       1.64980     525.67701
       1.71480     528.26693
       1.77980     530.91280
       1.84480     533.56582
       1.91080     536.21202
       1.97580     538.87481
       2.04080     541.56427
       2.10580     544.26773
       2.17080     546.96402
       2.23580     549.66650
       2.30080     552.42331
       2.36580     555.24193
       2.43080     558.08690
       2.49580     560.96505
       2.56080     563.90664
       2.62580     566.89248
       2.69080     569.87636
       2.75580     572.80624
       2.82080     575.63885
       2.88580     578.39142
       2.95180     581.11310
       3.01680     583.82631
       3.08180     586.52749
       3.14680     589.18962
       3.21180     591.78735
       3.27680     594.33334
       3.34180     596.85266
       3.40680     599.32643
       3.47180     601.69188
       3.53680     603.89270
       3.60180     605.90614
       3.66680     607.73935
       3.73180     609.40306
       3.79680     610.87906
       3.86180     612.13645
       3.92780     613.17000
       3.99280     613.99958
       4.05780     614.65459
       4.12280     615.15631
       4.18780     615.51000
       4.25280     615.73477
       4.31780     615.86962
       4.38280     615.94621
       4.44780     615.98398
       4.51280     615.99863
       4.57780     616.00256
       4.64280     616.00318
       4.70780     616.00323
       4.77280     616.00324
       4.83780     616.00324
       4.90380     616.00324
       4.96880     616.00324
       5.03380     616.00324
       5.09880     616.00324
       5.16380     616.00324
       5.22880     616.00324
       5.29380     616.00324
       5.35880     616.00324
       5.42380     616.00324
       5.48880     616.00324
       5.55380     616.00324
       5.61880     616.00324
       5.68380     616.00324
       5.74880     616.00324
       5.81380     616.00324
       5.87880     616.00324
       5.94480     616.00324
       6.00980     616.00324
       6.07480     616.00324
       6.13980     616.00324
       6.20480     616.00324
       6.26980     616.00324
       6.33480     616.00324
       6.39980     616.00324
