      #Energy        PDOS
     -58.52628       0.00000
     -58.46428       0.00000
     -58.40228       0.00000
     -58.34028       0.00000
     -58.27828       0.00000
     -58.21628       0.00000
     -58.15428       0.00000
     -58.09228       0.00000
     -58.03028       0.00000
     -57.96728       0.00002
     -57.90528       0.00107
     -57.84328       0.02943
     -57.78128       0.39226
     -57.71928       2.58798
     -57.65728       8.93008
     -57.59528      18.25271
     -57.53328      27.36533
     -57.47128      36.50041
     -57.40928      42.75930
     -57.34728      36.86821
     -57.28528      23.24714
     -57.22328      14.82049
     -57.16128       8.76259
     -57.09928       3.10274
     -57.03728       0.55294
     -56.97428       0.04773
     -56.91228       0.00197
     -56.85028       0.00004
     -56.78828       0.00000
     -56.72628       0.00000
     -56.66428       0.00000
     -56.60228       0.00000
     -56.54028       0.00000
     -56.47828       0.00000
     -56.41628       0.00000
     -56.35428       0.00000
     -56.29228       0.00000
     -56.23028       0.00000
     -56.16828       0.00000
     -56.10628       0.00000
     -56.04428       0.00004
     -55.98128       0.00022
     -55.91928       0.00059
     -55.85728       0.00093
     -55.79528       0.00115
     -55.73328       0.00126
     -55.67128       0.00109
     -55.60928       0.00077
     -55.54728       0.00064
     -55.48528       0.00072
     -55.42328       0.00061
     -55.36128       0.00027
     -55.29928       0.00006
     -55.23728       0.00001
     -55.17528       0.00000
     -55.11328       0.00000
     -55.05128       0.00000
     -54.98828       0.00000
     -54.92628       0.00000
     -54.86428       0.00000
     -54.80228       0.00000
     -54.74028       0.00000
     -54.67828       0.00000
     -54.61628       0.00000
     -54.55428       0.00000
     -54.49228       0.00000
     -54.43028       0.00000
     -54.36828       0.00000
     -54.30628       0.00000
     -54.24428       0.00000
     -54.18228       0.00000
     -54.12028       0.00000
     -54.05828       0.00000
     -53.99528       0.00000
     -53.93328       0.00000
     -53.87128       0.00000
     -53.80928       0.00000
     -53.74728       0.00000
     -53.68528       0.00000
     -53.62328       0.00000
     -53.56128       0.00000
     -53.49928       0.00000
     -53.43728       0.00000
     -53.37528       0.00000
     -53.31328       0.00000
     -53.25128       0.00000
     -53.18928       0.00000
     -53.12728       0.00000
     -53.06528       0.00000
     -53.00228       0.00000
     -52.94028       0.00000
     -52.87828       0.00000
     -52.81628       0.00000
     -52.75428       0.00000
     -52.69228       0.00000
     -52.63028       0.00000
     -52.56828       0.00000
     -52.50628       0.00000
     -52.44428       0.00000
     -52.38228       0.00000
     -52.32028       0.00000
     -52.25828       0.00000
     -52.19628       0.00000
     -52.13428       0.00000
     -52.07228       0.00000
     -52.00928       0.00000
     -51.94728       0.00000
     -51.88528       0.00000
     -51.82328       0.00000
     -51.76128       0.00000
     -51.69928       0.00000
     -51.63728       0.00000
     -51.57528       0.00000
     -51.51328       0.00000
     -51.45128       0.00000
     -51.38928       0.00000
     -51.32728       0.00000
     -51.26528       0.00000
     -51.20328       0.00000
     -51.14128       0.00000
     -51.07928       0.00000
     -51.01628       0.00000
     -50.95428       0.00000
     -50.89228       0.00000
     -50.83028       0.00000
     -50.76828       0.00000
     -50.70628       0.00000
     -50.64428       0.00000
     -50.58228       0.00000
     -50.52028       0.00000
     -50.45828       0.00000
     -50.39628       0.00000
     -50.33428       0.00000
     -50.27228       0.00000
     -50.21028       0.00000
     -50.14828       0.00000
     -50.08628       0.00000
     -50.02328       0.00000
     -49.96128       0.00000
     -49.89928       0.00000
     -49.83728       0.00000
     -49.77528       0.00000
     -49.71328       0.00000
     -49.65128       0.00000
     -49.58928       0.00000
     -49.52728       0.00000
     -49.46528       0.00001
     -49.40328       0.00002
     -49.34128       0.00004
     -49.27928       0.00005
     -49.21728       0.00004
     -49.15528       0.00004
     -49.09328       0.00004
     -49.03128       0.00003
     -48.96828       0.00002
     -48.90628       0.00003
     -48.84428       0.00004
     -48.78228       0.00005
     -48.72028       0.00006
     -48.65828       0.00006
     -48.59628       0.00003
     -48.53428       0.00001
     -48.47228       0.00000
     -48.41028       0.00000
     -48.34828       0.00001
     -48.28628       0.00003
     -48.22428       0.00006
     -48.16228       0.00005
     -48.10028       0.00002
     -48.03828       0.00000
     -47.97528       0.00000
     -47.91328       0.00000
     -47.85128       0.00000
     -47.78928       0.00000
     -47.72728       0.00000
     -47.66528       0.00000
     -47.60328       0.00000
     -47.54128       0.00000
     -47.47928       0.00000
     -47.41728       0.00000
     -47.35528       0.00000
     -47.29328       0.00000
     -47.23128       0.00000
     -47.16928       0.00000
     -47.10728       0.00000
     -47.04528       0.00000
     -46.98228       0.00000
     -46.92028       0.00000
     -46.85828       0.00000
     -46.79628       0.00000
     -46.73428       0.00000
     -46.67228       0.00000
     -46.61028       0.00000
     -46.54828       0.00000
     -46.48628       0.00000
     -46.42428       0.00000
     -46.36228       0.00000
     -46.30028       0.00000
     -46.23828       0.00000
     -46.17628       0.00000
     -46.11428       0.00000
     -46.05228       0.00000
     -45.98928       0.00000
     -45.92728       0.00000
     -45.86528       0.00000
     -45.80328       0.00000
     -45.74128       0.00000
     -45.67928       0.00000
     -45.61728       0.00000
     -45.55528       0.00000
     -45.49328       0.00000
     -45.43128       0.00000
     -45.36928       0.00000
     -45.30728       0.00000
     -45.24528       0.00000
     -45.18328       0.00000
     -45.12128       0.00000
     -45.05928       0.00000
     -44.99628       0.00000
     -44.93428       0.00000
     -44.87228       0.00000
     -44.81028       0.00000
     -44.74828       0.00000
     -44.68628       0.00000
     -44.62428       0.00000
     -44.56228       0.00000
     -44.50028       0.00000
     -44.43828       0.00000
     -44.37628       0.00000
     -44.31428       0.00000
     -44.25228       0.00000
     -44.19028       0.00000
     -44.12828       0.00000
     -44.06628       0.00000
     -44.00328       0.00000
     -43.94128       0.00000
     -43.87928       0.00000
     -43.81728       0.00000
     -43.75528       0.00000
     -43.69328       0.00000
     -43.63128       0.00000
     -43.56928       0.00000
     -43.50728       0.00000
     -43.44528       0.00000
     -43.38328       0.00000
     -43.32128       0.00000
     -43.25928       0.00000
     -43.19728       0.00000
     -43.13528       0.00000
     -43.07328       0.00000
     -43.01028       0.00000
     -42.94828       0.00000
     -42.88628       0.00000
     -42.82428       0.00000
     -42.76228       0.00000
     -42.70028       0.00000
     -42.63828       0.00000
     -42.57628       0.00000
     -42.51428       0.00000
     -42.45228       0.00000
     -42.39028       0.00000
     -42.32828       0.00000
     -42.26628       0.00000
     -42.20428       0.00000
     -42.14228       0.00000
     -42.08028       0.00000
     -42.01728       0.00000
     -41.95528       0.00000
     -41.89328       0.00000
     -41.83128       0.00000
     -41.76928       0.00000
     -41.70728       0.00000
     -41.64528       0.00000
     -41.58328       0.00000
     -41.52128       0.00000
     -41.45928       0.00000
     -41.39728       0.00000
     -41.33528       0.00000
     -41.27328       0.00000
     -41.21128       0.00000
     -41.14928       0.00000
     -41.08728       0.00000
     -41.02428       0.00000
     -40.96228       0.00000
     -40.90028       0.00000
     -40.83828       0.00000
     -40.77628       0.00000
     -40.71428       0.00000
     -40.65228       0.00000
     -40.59028       0.00000
     -40.52828       0.00000
     -40.46628       0.00000
     -40.40428       0.00000
     -40.34228       0.00000
     -40.28028       0.00000
     -40.21828       0.00000
     -40.15628       0.00000
     -40.09428       0.00000
     -40.03228       0.00000
     -39.96928       0.00000
     -39.90728       0.00000
     -39.84528       0.00000
     -39.78328       0.00000
     -39.72128       0.00000
     -39.65928       0.00000
     -39.59728       0.00000
     -39.53528       0.00000
     -39.47328       0.00000
     -39.41128       0.00000
     -39.34928       0.00000
     -39.28728       0.00000
     -39.22528       0.00000
     -39.16328       0.00000
     -39.10128       0.00000
     -39.03928       0.00000
     -38.97628       0.00000
     -38.91428       0.00000
     -38.85228       0.00000
     -38.79028       0.00000
     -38.72828       0.00000
     -38.66628       0.00000
     -38.60428       0.00000
     -38.54228       0.00000
     -38.48028       0.00000
     -38.41828       0.00000
     -38.35628       0.00000
     -38.29428       0.00000
     -38.23228       0.00000
     -38.17028       0.00000
     -38.10828       0.00000
     -38.04628       0.00000
     -37.98328       0.00000
     -37.92128       0.00000
     -37.85928       0.00000
     -37.79728       0.00000
     -37.73528       0.00000
     -37.67328       0.00000
     -37.61128       0.00000
     -37.54928       0.00000
     -37.48728       0.00000
     -37.42528       0.00000
     -37.36328       0.00000
     -37.30128       0.00000
     -37.23928       0.00000
     -37.17728       0.00000
     -37.11528       0.00000
     -37.05328       0.00000
     -36.99028       0.00000
     -36.92828       0.00000
     -36.86628       0.00000
     -36.80428       0.00000
     -36.74228       0.00000
     -36.68028       0.00000
     -36.61828       0.00000
     -36.55628       0.00000
     -36.49428       0.00000
     -36.43228       0.00000
     -36.37028       0.00000
     -36.30828       0.00000
     -36.24628       0.00000
     -36.18428       0.00000
     -36.12228       0.00000
     -36.06028       0.00000
     -35.99728       0.00000
     -35.93528       0.00000
     -35.87328       0.00000
     -35.81128       0.00000
     -35.74928       0.00000
     -35.68728       0.00000
     -35.62528       0.00000
     -35.56328       0.00000
     -35.50128       0.00001
     -35.43928       0.00007
     -35.37728       0.00026
     -35.31528       0.00060
     -35.25328       0.00087
     -35.19128       0.00083
     -35.12928       0.00060
     -35.06728       0.00048
     -35.00428       0.00049
     -34.94228       0.00044
     -34.88028       0.00028
     -34.81828       0.00012
     -34.75628       0.00003
     -34.69428       0.00000
     -34.63228       0.00000
     -34.57028       0.00000
     -34.50828       0.00000
     -34.44628       0.00000
     -34.38428       0.00000
     -34.32228       0.00000
     -34.26028       0.00000
     -34.19828       0.00000
     -34.13628       0.00002
     -34.07428       0.00006
     -34.01128       0.00013
     -33.94928       0.00019
     -33.88728       0.00023
     -33.82528       0.00028
     -33.76328       0.00033
     -33.70128       0.00034
     -33.63928       0.00031
     -33.57728       0.00025
     -33.51528       0.00017
     -33.45328       0.00007
     -33.39128       0.00002
     -33.32928       0.00000
     -33.26728       0.00000
     -33.20528       0.00000
     -33.14328       0.00000
     -33.08128       0.00000
     -33.01828       0.00000
     -32.95628       0.00000
     -32.89428       0.00000
     -32.83228       0.00000
     -32.77028       0.00000
     -32.70828       0.00000
     -32.64628       0.00000
     -32.58428       0.00000
     -32.52228       0.00000
     -32.46028       0.00000
     -32.39828       0.00000
     -32.33628       0.00000
     -32.27428       0.00002
     -32.21228       0.00009
     -32.15028       0.00024
     -32.08828       0.00042
     -32.02528       0.00060
     -31.96328       0.00085
     -31.90128       0.00103
     -31.83928       0.00101
     -31.77728       0.00081
     -31.71528       0.00055
     -31.65328       0.00046
     -31.59128       0.00056
     -31.52928       0.00054
     -31.46728       0.00031
     -31.40528       0.00010
     -31.34328       0.00002
     -31.28128       0.00003
     -31.21928       0.00009
     -31.15728       0.00022
     -31.09528       0.00049
     -31.03328       0.00080
     -30.97028       0.00082
     -30.90828       0.00062
     -30.84628       0.00045
     -30.78428       0.00028
     -30.72228       0.00021
     -30.66028       0.00043
     -30.59828       0.00073
     -30.53628       0.00082
     -30.47428       0.00097
     -30.41228       0.00129
     -30.35028       0.00123
     -30.28828       0.00070
     -30.22628       0.00022
     -30.16428       0.00004
     -30.10228       0.00000
     -30.04028       0.00000
     -29.97728       0.00000
     -29.91528       0.00000
     -29.85328       0.00000
     -29.79128       0.00000
     -29.72928       0.00000
     -29.66728       0.00000
     -29.60528       0.00000
     -29.54328       0.00000
     -29.48128       0.00000
     -29.41928       0.00000
     -29.35728       0.00000
     -29.29528       0.00000
     -29.23328       0.00000
     -29.17128       0.00000
     -29.10928       0.00000
     -29.04728       0.00000
     -28.98428       0.00000
     -28.92228       0.00000
     -28.86028       0.00000
     -28.79828       0.00000
     -28.73628       0.00000
     -28.67428       0.00000
     -28.61228       0.00000
     -28.55028       0.00000
     -28.48828       0.00000
     -28.42628       0.00000
     -28.36428       0.00000
     -28.30228       0.00000
     -28.24028       0.00000
     -28.17828       0.00000
     -28.11628       0.00000
     -28.05428       0.00000
     -27.99128       0.00001
     -27.92928       0.00006
     -27.86728       0.00027
     -27.80528       0.00066
     -27.74328       0.00090
     -27.68128       0.00082
     -27.61928       0.00069
     -27.55728       0.00067
     -27.49528       0.00080
     -27.43328       0.00090
     -27.37128       0.00079
     -27.30928       0.00060
     -27.24728       0.00049
     -27.18528       0.00055
     -27.12328       0.00082
     -27.06128       0.00110
     -26.99828       0.00119
     -26.93628       0.00097
     -26.87428       0.00054
     -26.81228       0.00018
     -26.75028       0.00005
     -26.68828       0.00011
     -26.62628       0.00041
     -26.56428       0.00088
     -26.50228       0.00110
     -26.44028       0.00077
     -26.37828       0.00029
     -26.31628       0.00005
     -26.25428       0.00000
     -26.19228       0.00000
     -26.13028       0.00000
     -26.06828       0.00000
     -26.00528       0.00000
     -25.94328       0.00000
     -25.88128       0.00000
     -25.81928       0.00000
     -25.75728       0.00000
     -25.69528       0.00000
     -25.63328       0.00000
     -25.57128       0.00000
     -25.50928       0.00000
     -25.44728       0.00000
     -25.38528       0.00000
     -25.32328       0.00000
     -25.26128       0.00000
     -25.19928       0.00000
     -25.13728       0.00000
     -25.07528       0.00000
     -25.01228       0.00000
     -24.95028       0.00000
     -24.88828       0.00000
     -24.82628       0.00000
     -24.76428       0.00000
     -24.70228       0.00000
     -24.64028       0.00000
     -24.57828       0.00000
     -24.51628       0.00000
     -24.45428       0.00000
     -24.39228       0.00000
     -24.33028       0.00000
     -24.26828       0.00000
     -24.20628       0.00000
     -24.14428       0.00000
     -24.08228       0.00000
     -24.01928       0.00000
     -23.95728       0.00000
     -23.89528       0.00000
     -23.83328       0.00000
     -23.77128       0.00000
     -23.70928       0.00000
     -23.64728       0.00000
     -23.58528       0.00000
     -23.52328       0.00000
     -23.46128       0.00000
     -23.39928       0.00000
     -23.33728       0.00000
     -23.27528       0.00000
     -23.21328       0.00000
     -23.15128       0.00000
     -23.08928       0.00000
     -23.02728       0.00000
     -22.96428       0.00000
     -22.90228       0.00000
     -22.84028       0.00000
     -22.77828       0.00000
     -22.71628       0.00000
     -22.65428       0.00000
     -22.59228       0.00000
     -22.53028       0.00000
     -22.46828       0.00000
     -22.40628       0.00000
     -22.34428       0.00000
     -22.28228       0.00000
     -22.22028       0.00000
     -22.15828       0.00000
     -22.09628       0.00000
     -22.03428       0.00000
     -21.97128       0.00000
     -21.90928       0.00000
     -21.84728       0.00000
     -21.78528       0.00000
     -21.72328       0.00000
     -21.66128       0.00000
     -21.59928       0.00000
     -21.53728       0.00000
     -21.47528       0.00000
     -21.41328       0.00000
     -21.35128       0.00000
     -21.28928       0.00000
     -21.22728       0.00000
     -21.16528       0.00000
     -21.10328       0.00000
     -21.04128       0.00000
     -20.97828       0.00000
     -20.91628       0.00000
     -20.85428       0.00000
     -20.79228       0.00000
     -20.73028       0.00000
     -20.66828       0.00000
     -20.60628       0.00000
     -20.54428       0.00000
     -20.48228       0.00000
     -20.42028       0.00000
     -20.35828       0.00000
     -20.29628       0.00000
     -20.23428       0.00000
     -20.17228       0.00000
     -20.11028       0.00000
     -20.04828       0.00000
     -19.98528       0.00000
     -19.92328       0.00000
     -19.86128       0.00000
     -19.79928       0.00000
     -19.73728       0.00000
     -19.67528       0.00000
     -19.61328       0.00000
     -19.55128       0.00000
     -19.48928       0.00000
     -19.42728       0.00000
     -19.36528       0.00000
     -19.30328       0.00000
     -19.24128       0.00000
     -19.17928       0.00000
     -19.11728       0.00000
     -19.05528       0.00000
     -18.99228       0.00000
     -18.93028       0.00000
     -18.86828       0.00000
     -18.80628       0.00000
     -18.74428       0.00000
     -18.68228       0.00000
     -18.62028       0.00000
     -18.55828       0.00000
     -18.49628       0.00000
     -18.43428       0.00000
     -18.37228       0.00000
     -18.31028       0.00000
     -18.24828       0.00000
     -18.18628       0.00000
     -18.12428       0.00000
     -18.06228       0.00000
     -17.99928       0.00000
     -17.93728       0.00000
     -17.87528       0.00000
     -17.81328       0.00000
     -17.75128       0.00000
     -17.68928       0.00000
     -17.62728       0.00000
     -17.56528       0.00000
     -17.50328       0.00000
     -17.44128       0.00000
     -17.37928       0.00000
     -17.31728       0.00000
     -17.25528       0.00000
     -17.19328       0.00000
     -17.13128       0.00000
     -17.06928       0.00000
     -17.00628       0.00000
     -16.94428       0.00000
     -16.88228       0.00000
     -16.82028       0.00000
     -16.75828       0.00000
     -16.69628       0.00000
     -16.63428       0.00000
     -16.57228       0.00000
     -16.51028       0.00000
     -16.44828       0.00000
     -16.38628       0.00000
     -16.32428       0.00000
     -16.26228       0.00000
     -16.20028       0.00004
     -16.13828       0.00046
     -16.07628       0.00272
     -16.01328       0.00909
     -15.95128       0.01845
     -15.88928       0.02514
     -15.82728       0.02548
     -15.76528       0.02043
     -15.70328       0.01342
     -15.64128       0.00967
     -15.57928       0.01548
     -15.51728       0.03096
     -15.45528       0.04698
     -15.39328       0.06172
     -15.33128       0.07808
     -15.26928       0.08812
     -15.20728       0.08858
     -15.14528       0.08591
     -15.08328       0.08344
     -15.02028       0.08854
     -14.95828       0.11631
     -14.89628       0.15059
     -14.83428       0.14337
     -14.77228       0.08995
     -14.71028       0.03990
     -14.64828       0.01544
     -14.58628       0.00717
     -14.52428       0.00668
     -14.46228       0.00964
     -14.40028       0.01374
     -14.33828       0.01595
     -14.27628       0.01380
     -14.21428       0.00851
     -14.15228       0.00343
     -14.09028       0.00082
     -14.02828       0.00011
     -13.96528       0.00001
     -13.90328       0.00000
     -13.84128       0.00000
     -13.77928       0.00000
     -13.71728       0.00000
     -13.65528       0.00000
     -13.59328       0.00000
     -13.53128       0.00000
     -13.46928       0.00000
     -13.40728       0.00000
     -13.34528       0.00000
     -13.28328       0.00000
     -13.22128       0.00000
     -13.15928       0.00000
     -13.09728       0.00000
     -13.03528       0.00000
     -12.97228       0.00000
     -12.91028       0.00000
     -12.84828       0.00000
     -12.78628       0.00009
     -12.72428       0.00093
     -12.66228       0.00543
     -12.60028       0.01887
     -12.53828       0.04251
     -12.47628       0.06723
     -12.41428       0.07853
     -12.35228       0.06945
     -12.29028       0.04754
     -12.22828       0.02593
     -12.16628       0.01429
     -12.10428       0.02349
     -12.04228       0.06253
     -11.97928       0.10581
     -11.91728       0.10378
     -11.85528       0.07387
     -11.79328       0.08096
     -11.73128       0.12255
     -11.66928       0.14931
     -11.60728       0.15998
     -11.54528       0.17197
     -11.48328       0.17903
     -11.42128       0.18701
     -11.35928       0.19047
     -11.29728       0.17793
     -11.23528       0.16203
     -11.17328       0.15314
     -11.11128       0.14974
     -11.04928       0.15024
     -10.98628       0.15291
     -10.92428       0.15457
     -10.86228       0.15372
     -10.80028       0.14911
     -10.73828       0.13820
     -10.67628       0.12475
     -10.61428       0.11566
     -10.55228       0.10866
     -10.49028       0.09658
     -10.42828       0.07965
     -10.36628       0.06356
     -10.30428       0.05541
     -10.24228       0.05563
     -10.18028       0.05476
     -10.11828       0.04831
     -10.05628       0.03864
      -9.99328       0.02748
      -9.93128       0.01678
      -9.86928       0.00864
      -9.80728       0.00354
      -9.74528       0.00104
      -9.68328       0.00020
      -9.62128       0.00002
      -9.55928       0.00000
      -9.49728       0.00000
      -9.43528       0.00000
      -9.37328       0.00000
      -9.31128       0.00000
      -9.24928       0.00000
      -9.18728       0.00000
      -9.12528       0.00000
      -9.06328       0.00000
      -9.00028       0.00000
      -8.93828       0.00000
      -8.87628       0.00000
      -8.81428       0.00000
      -8.75228       0.00000
      -8.69028       0.00000
      -8.62828       0.00000
      -8.56628       0.00000
      -8.50428       0.00000
      -8.44228       0.00000
      -8.38028       0.00000
      -8.31828       0.00000
      -8.25628       0.00000
      -8.19428       0.00000
      -8.13228       0.00000
      -8.07028       0.00000
      -8.00728       0.00000
      -7.94528       0.00000
      -7.88328       0.00005
      -7.82128       0.00037
      -7.75928       0.00163
      -7.69728       0.00524
      -7.63528       0.01286
      -7.57328       0.02476
      -7.51128       0.04076
      -7.44928       0.06157
      -7.38728       0.08477
      -7.32528       0.10036
      -7.26328       0.10784
      -7.20128       0.12716
      -7.13928       0.15089
      -7.07728       0.14955
      -7.01428       0.14217
      -6.95228       0.15323
      -6.89028       0.15592
      -6.82828       0.15419
      -6.76628       0.17493
      -6.70428       0.20898
      -6.64228       0.25981
      -6.58028       0.32962
      -6.51828       0.38251
      -6.45628       0.39692
      -6.39428       0.39894
      -6.33228       0.41134
      -6.27028       0.41712
      -6.20828       0.40948
      -6.14628       0.39769
      -6.08428       0.37998
      -6.02128       0.35713
      -5.95928       0.32877
      -5.89728       0.30443
      -5.83528       0.31286
      -5.77328       0.35798
      -5.71128       0.40928
      -5.64928       0.43645
      -5.58728       0.42300
      -5.52528       0.37522
      -5.46328       0.31984
      -5.40128       0.27950
      -5.33928       0.25528
      -5.27728       0.23542
      -5.21528       0.21470
      -5.15328       0.19353
      -5.09128       0.17328
      -5.02928       0.15527
      -4.96628       0.13954
      -4.90428       0.12678
      -4.84228       0.11882
      -4.78028       0.11643
      -4.71828       0.11827
      -4.65628       0.12047
      -4.59428       0.12103
      -4.53228       0.12248
      -4.47028       0.12639
      -4.40828       0.12849
      -4.34628       0.12544
      -4.28428       0.12077
      -4.22228       0.11713
      -4.16028       0.11162
      -4.09828       0.10298
      -4.03628       0.09433
      -3.97328       0.08828
      -3.91128       0.08390
      -3.84928       0.07864
      -3.78728       0.07146
      -3.72528       0.06421
      -3.66328       0.05905
      -3.60128       0.05560
      -3.53928       0.05270
      -3.47728       0.04962
      -3.41528       0.04611
      -3.35328       0.04258
      -3.29128       0.03923
      -3.22928       0.03645
      -3.16728       0.03494
      -3.10528       0.03456
      -3.04328       0.03470
      -2.98028       0.03469
      -2.91828       0.03405
      -2.85628       0.03321
      -2.79428       0.03196
      -2.73228       0.02886
      -2.67028       0.02433
      -2.60828       0.02113
      -2.54628       0.02002
      -2.48428       0.01986
      -2.42228       0.01900
      -2.36028       0.01684
      -2.29828       0.01412
      -2.23628       0.01124
      -2.17428       0.00877
      -2.11228       0.00715
      -2.05028       0.00612
      -1.98728       0.00548
      -1.92528       0.00509
      -1.86328       0.00522
      -1.80128       0.00630
      -1.73928       0.00749
      -1.67728       0.00728
      -1.61528       0.00578
      -1.55328       0.00511
      -1.49128       0.00676
      -1.42928       0.00958
      -1.36728       0.01125
      -1.30528       0.01157
      -1.24328       0.01289
      -1.18128       0.01531
      -1.11928       0.01572
      -1.05728       0.01489
      -0.99428       0.01666
      -0.93228       0.01911
      -0.87028       0.01884
      -0.80828       0.01745
      -0.74628       0.01662
      -0.68428       0.01612
      -0.62228       0.01735
      -0.56028       0.02146
      -0.49828       0.02607
      -0.43628       0.02636
      -0.37428       0.02237
      -0.31228       0.01876
      -0.25028       0.01850
      -0.18828       0.02144
      -0.12628       0.02467
      -0.06428       0.02572
      -0.00128       0.02514
       0.06072       0.02457
       0.12272       0.02439
       0.18472       0.02395
       0.24672       0.02430
       0.30872       0.02641
       0.37072       0.02945
       0.43272       0.03261
       0.49472       0.03579
       0.55672       0.03849
       0.61872       0.03932
       0.68072       0.03868
       0.74272       0.03963
       0.80472       0.04315
       0.86672       0.04751
       0.92872       0.05160
       0.99172       0.05375
       1.05372       0.05355
       1.11572       0.05249
       1.17772       0.05161
       1.23972       0.05108
       1.30172       0.05140
       1.36372       0.05334
       1.42572       0.05685
       1.48772       0.06078
       1.54972       0.06358
       1.61172       0.06433
       1.67372       0.06336
       1.73572       0.06176
       1.79772       0.06050
       1.85972       0.06011
       1.92172       0.06105
       1.98472       0.06362
       2.04672       0.06745
       2.10872       0.07303
       2.17072       0.08008
       2.23272       0.08598
       2.29472       0.08935
       2.35672       0.09075
       2.41872       0.09162
       2.48072       0.09310
       2.54272       0.09312
       2.60472       0.09032
       2.66672       0.08723
       2.72872       0.08374
       2.79072       0.07742
       2.85272       0.06941
       2.91472       0.06168
       2.97772       0.05431
       3.03972       0.04671
       3.10172       0.03782
       3.16372       0.02782
       3.22572       0.01802
       3.28772       0.00996
       3.34972       0.00491
       3.41172       0.00249
       3.47372       0.00117
