      #Energy        tdos
     -56.74592       0.00000
     -56.68592       0.00000
     -56.62592       0.00000
     -56.56592       0.00001
     -56.50592       0.00036
     -56.44592       0.00585
     -56.38592       0.05071
     -56.32592       0.24461
     -56.26592       0.70212
     -56.20492       1.31533
     -56.14492       1.85914
     -56.08492       2.55101
     -56.02492       4.16152
     -55.96492       7.04710
     -55.90492      10.28884
     -55.84492      12.59005
     -55.78492      13.63752
     -55.72492      13.94119
     -55.66492      13.99508
     -55.60492      14.00059
     -55.54492      14.00090
     -55.48492      14.00091
     -55.42492      14.00091
     -55.36492      14.00091
     -55.30492      14.00091
     -55.24392      14.00091
     -55.18392      14.00091
     -55.12392      14.00091
     -55.06392      14.00091
     -55.00392      14.00091
     -54.94392      14.00091
     -54.88392      14.00091
     -54.82392      14.00091
     -54.76392      14.00091
     -54.70392      14.00091
     -54.64392      14.00091
     -54.58392      14.00091
     -54.52392      14.00091
     -54.46392      14.00091
     -54.40392      14.00091
     -54.34392      14.00091
     -54.28392      14.00091
     -54.22292      14.00091
     -54.16292      14.00091
     -54.10292      14.00091
     -54.04292      14.00091
     -53.98292      14.00091
     -53.92292      14.00091
     -53.86292      14.00091
     -53.80292      14.00091
     -53.74292      14.00091
     -53.68292      14.00091
     -53.62292      14.00091
     -53.56292      14.00091
     -53.50292      14.00091
     -53.44292      14.00091
     -53.38292      14.00091
     -53.32292      14.00091
     -53.26292      14.00091
     -53.20192      14.00091
     -53.14192      14.00091
     -53.08192      14.00091
     -53.02192      14.00091
     -52.96192      14.00091
     -52.90192      14.00091
     -52.84192      14.00091
     -52.78192      14.00091
     -52.72192      14.00091
     -52.66192      14.00091
     -52.60192      14.00091
     -52.54192      14.00091
     -52.48192      14.00091
     -52.42192      14.00091
     -52.36192      14.00091
     -52.30192      14.00091
     -52.24092      14.00091
     -52.18092      14.00091
     -52.12092      14.00091
     -52.06092      14.00091
     -52.00092      14.00091
     -51.94092      14.00091
     -51.88092      14.00091
     -51.82092      14.00091
     -51.76092      14.00091
     -51.70092      14.00091
     -51.64092      14.00091
     -51.58092      14.00091
     -51.52092      14.00091
     -51.46092      14.00091
     -51.40092      14.00091
     -51.34092      14.00091
     -51.28092      14.00091
     -51.21992      14.00091
     -51.15992      14.00091
     -51.09992      14.00091
     -51.03992      14.00091
     -50.97992      14.00091
     -50.91992      14.00091
     -50.85992      14.00091
     -50.79992      14.00091
     -50.73992      14.00091
     -50.67992      14.00091
     -50.61992      14.00091
     -50.55992      14.00091
     -50.49992      14.00091
     -50.43992      14.00091
     -50.37992      14.00091
     -50.31992      14.00091
     -50.25992      14.00091
     -50.19892      14.00091
     -50.13892      14.00091
     -50.07892      14.00091
     -50.01892      14.00091
     -49.95892      14.00091
     -49.89892      14.00091
     -49.83892      14.00091
     -49.77892      14.00091
     -49.71892      14.00091
     -49.65892      14.00091
     -49.59892      14.00091
     -49.53892      14.00091
     -49.47892      14.00091
     -49.41892      14.00091
     -49.35892      14.00091
     -49.29892      14.00091
     -49.23792      14.00091
     -49.17792      14.00091
     -49.11792      14.00091
     -49.05792      14.00091
     -48.99792      14.00091
     -48.93792      14.00091
     -48.87792      14.00091
     -48.81792      14.00091
     -48.75792      14.00091
     -48.69792      14.00091
     -48.63792      14.00091
     -48.57792      14.00091
     -48.51792      14.00091
     -48.45792      14.00091
     -48.39792      14.00091
     -48.33792      14.00091
     -48.27792      14.00091
     -48.21692      14.00091
     -48.15692      14.00091
     -48.09692      14.00091
     -48.03692      14.00091
     -47.97692      14.00091
     -47.91692      14.00091
     -47.85692      14.00091
     -47.79692      14.00091
     -47.73692      14.00091
     -47.67692      14.00091
     -47.61692      14.00091
     -47.55692      14.00091
     -47.49692      14.00091
     -47.43692      14.00091
     -47.37692      14.00091
     -47.31692      14.00091
     -47.25692      14.00091
     -47.19592      14.00091
     -47.13592      14.00091
     -47.07592      14.00091
     -47.01592      14.00091
     -46.95592      14.00091
     -46.89592      14.00091
     -46.83592      14.00091
     -46.77592      14.00091
     -46.71592      14.00091
     -46.65592      14.00091
     -46.59592      14.00091
     -46.53592      14.00091
     -46.47592      14.00091
     -46.41592      14.00091
     -46.35592      14.00091
     -46.29592      14.00091
     -46.23492      14.00091
     -46.17492      14.00091
     -46.11492      14.00091
     -46.05492      14.00091
     -45.99492      14.00091
     -45.93492      14.00091
     -45.87492      14.00091
     -45.81492      14.00091
     -45.75492      14.00091
     -45.69492      14.00091
     -45.63492      14.00091
     -45.57492      14.00091
     -45.51492      14.00091
     -45.45492      14.00091
     -45.39492      14.00091
     -45.33492      14.00091
     -45.27492      14.00091
     -45.21392      14.00091
     -45.15392      14.00091
     -45.09392      14.00091
     -45.03392      14.00091
     -44.97392      14.00091
     -44.91392      14.00091
     -44.85392      14.00091
     -44.79392      14.00091
     -44.73392      14.00091
     -44.67392      14.00091
     -44.61392      14.00091
     -44.55392      14.00091
     -44.49392      14.00091
     -44.43392      14.00091
     -44.37392      14.00091
     -44.31392      14.00091
     -44.25392      14.00091
     -44.19292      14.00091
     -44.13292      14.00091
     -44.07292      14.00091
     -44.01292      14.00097
     -43.95292      14.00241
     -43.89292      14.02207
     -43.83292      14.17346
     -43.77292      14.87775
     -43.71292      17.00478
     -43.65292      21.50748
     -43.59292      28.59247
     -43.53292      36.94382
     -43.47292      44.02520
     -43.41292      48.10358
     -43.35292      49.61352
     -43.29292      49.95505
     -43.23192      50.00002
     -43.17192      50.00332
     -43.11192      50.00345
     -43.05192      50.00345
     -42.99192      50.00345
     -42.93192      50.00345
     -42.87192      50.00345
     -42.81192      50.00345
     -42.75192      50.00345
     -42.69192      50.00345
     -42.63192      50.00345
     -42.57192      50.00345
     -42.51192      50.00345
     -42.45192      50.00345
     -42.39192      50.00345
     -42.33192      50.00345
     -42.27192      50.00345
     -42.21092      50.00345
     -42.15092      50.00345
     -42.09092      50.00345
     -42.03092      50.00345
     -41.97092      50.00345
     -41.91092      50.00345
     -41.85092      50.00345
     -41.79092      50.00345
     -41.73092      50.00345
     -41.67092      50.00345
     -41.61092      50.00345
     -41.55092      50.00345
     -41.49092      50.00345
     -41.43092      50.00345
     -41.37092      50.00345
     -41.31092      50.00345
     -41.25092      50.00345
     -41.18992      50.00345
     -41.12992      50.00345
     -41.06992      50.00345
     -41.00992      50.00345
     -40.94992      50.00345
     -40.88992      50.00345
     -40.82992      50.00345
     -40.76992      50.00345
     -40.70992      50.00345
     -40.64992      50.00345
     -40.58992      50.00345
     -40.52992      50.00345
     -40.46992      50.00345
     -40.40992      50.00345
     -40.34992      50.00345
     -40.28992      50.00345
     -40.22892      50.00345
     -40.16892      50.00345
     -40.10892      50.00345
     -40.04892      50.00345
     -39.98892      50.00346
     -39.92892      50.00382
     -39.86892      50.00953
     -39.80892      50.05861
     -39.74892      50.29107
     -39.68892      50.93900
     -39.62892      52.11467
     -39.56892      53.78374
     -39.50892      56.11467
     -39.44892      59.37894
     -39.38892      63.36993
     -39.32892      67.53329
     -39.26892      71.66993
     -39.20792      75.89696
     -39.14792      79.97383
     -39.08792      83.20026
     -39.02792      85.07503
     -38.96792      85.80371
     -38.90792      85.97802
     -38.84792      86.00194
     -38.78792      86.00373
     -38.72792      86.00380
     -38.66792      86.00380
     -38.60792      86.00380
     -38.54792      86.00380
     -38.48792      86.00380
     -38.42792      86.00380
     -38.36792      86.00380
     -38.30792      86.00380
     -38.24792      86.00380
     -38.18692      86.00380
     -38.12692      86.00380
     -38.06692      86.00380
     -38.00692      86.00380
     -37.94692      86.00380
     -37.88692      86.00380
     -37.82692      86.00380
     -37.76692      86.00380
     -37.70692      86.00380
     -37.64692      86.00380
     -37.58692      86.00380
     -37.52692      86.00380
     -37.46692      86.00380
     -37.40692      86.00380
     -37.34692      86.00380
     -37.28692      86.00380
     -37.22592      86.00380
     -37.16592      86.00380
     -37.10592      86.00380
     -37.04592      86.00380
     -36.98592      86.00380
     -36.92592      86.00380
     -36.86592      86.00380
     -36.80592      86.00380
     -36.74592      86.00380
     -36.68592      86.00380
     -36.62592      86.00380
     -36.56592      86.00380
     -36.50592      86.00380
     -36.44592      86.00380
     -36.38592      86.00380
     -36.32592      86.00380
     -36.26592      86.00380
     -36.20492      86.00380
     -36.14492      86.00381
     -36.08492      86.00391
     -36.02492      86.00635
     -35.96492      86.03511
     -35.90492      86.21729
     -35.84492      86.86165
     -35.78492      88.19438
     -35.72492      89.89138
     -35.66492      91.39919
     -35.60492      92.88928
     -35.54492      95.24753
     -35.48492      98.91931
     -35.42492     103.33282
     -35.36492     107.59378
     -35.30492     111.20459
     -35.24392     114.11420
     -35.18392     116.58447
     -35.12392     118.84003
     -35.06392     120.62982
     -35.00392     121.60997
     -34.94392     121.93588
     -34.88392     121.99715
     -34.82392     122.00336
     -34.76392     122.00368
     -34.70392     122.00369
     -34.64392     122.00369
     -34.58392     122.00369
     -34.52392     122.00369
     -34.46392     122.00369
     -34.40392     122.00369
     -34.34392     122.00369
     -34.28392     122.00369
     -34.22292     122.00369
     -34.16292     122.00369
     -34.10292     122.00369
     -34.04292     122.00369
     -33.98292     122.00369
     -33.92292     122.00369
     -33.86292     122.00369
     -33.80292     122.00369
     -33.74292     122.00369
     -33.68292     122.00369
     -33.62292     122.00369
     -33.56292     122.00369
     -33.50292     122.00369
     -33.44292     122.00369
     -33.38292     122.00369
     -33.32292     122.00369
     -33.26292     122.00369
     -33.20192     122.00369
     -33.14192     122.00369
     -33.08192     122.00369
     -33.02192     122.00369
     -32.96192     122.00369
     -32.90192     122.00369
     -32.84192     122.00369
     -32.78192     122.00369
     -32.72192     122.00370
     -32.66192     122.00381
     -32.60192     122.00645
     -32.54192     122.03880
     -32.48192     122.24923
     -32.42192     123.00100
     -32.36192     124.55626
     -32.30192     126.63704
     -32.24092     129.06977
     -32.18092     132.69770
     -32.12092     138.54514
     -32.06092     146.08268
     -32.00092     153.22082
     -31.94092     158.33854
     -31.88092     161.40941
     -31.82092     163.05145
     -31.76092     163.75770
     -31.70092     163.96415
     -31.64092     164.00049
     -31.58092     164.00448
     -31.52092     164.01107
     -31.46092     164.06152
     -31.40092     164.27492
     -31.34092     164.79942
     -31.28092     165.70122
     -31.21992     167.16188
     -31.15992     169.56008
     -31.09992     172.88891
     -31.03992     176.46699
     -30.97992     179.39642
     -30.91992     181.15468
     -30.85992     182.02945
     -30.79992     183.07420
     -30.73992     185.39402
     -30.67992     188.89612
     -30.61992     192.20002
     -30.55992     194.59882
     -30.49992     196.73696
     -30.43992     199.07900
     -30.37992     201.41354
     -30.31992     203.46489
     -30.25992     204.95618
     -30.19892     205.71825
     -30.13892     205.95723
     -30.07892     205.99952
     -30.01892     206.00353
     -29.95892     206.00373
     -29.89892     206.00373
     -29.83892     206.00373
     -29.77892     206.00373
     -29.71892     206.00373
     -29.65892     206.00373
     -29.59892     206.00373
     -29.53892     206.00373
     -29.47892     206.00373
     -29.41892     206.00373
     -29.35892     206.00373
     -29.29892     206.00373
     -29.23792     206.00373
     -29.17792     206.00373
     -29.11792     206.00373
     -29.05792     206.00373
     -28.99792     206.00373
     -28.93792     206.00373
     -28.87792     206.00373
     -28.81792     206.00373
     -28.75792     206.00373
     -28.69792     206.00373
     -28.63792     206.00373
     -28.57792     206.00373
     -28.51792     206.00373
     -28.45792     206.00373
     -28.39792     206.00373
     -28.33792     206.00373
     -28.27792     206.00373
     -28.21692     206.00373
     -28.15692     206.00373
     -28.09692     206.00373
     -28.03692     206.00373
     -27.97692     206.00373
     -27.91692     206.00373
     -27.85692     206.00373
     -27.79692     206.00373
     -27.73692     206.00373
     -27.67692     206.00373
     -27.61692     206.00373
     -27.55692     206.00373
     -27.49692     206.00373
     -27.43692     206.00373
     -27.37692     206.00373
     -27.31692     206.00373
     -27.25692     206.00373
     -27.19592     206.00373
     -27.13592     206.00373
     -27.07592     206.00373
     -27.01592     206.00373
     -26.95592     206.00373
     -26.89592     206.00373
     -26.83592     206.00373
     -26.77592     206.00373
     -26.71592     206.00373
     -26.65592     206.00373
     -26.59592     206.00373
     -26.53592     206.00373
     -26.47592     206.00373
     -26.41592     206.00373
     -26.35592     206.00373
     -26.29592     206.00373
     -26.23492     206.00373
     -26.17492     206.00373
     -26.11492     206.00373
     -26.05492     206.00373
     -25.99492     206.00373
     -25.93492     206.00373
     -25.87492     206.00373
     -25.81492     206.00373
     -25.75492     206.00373
     -25.69492     206.00373
     -25.63492     206.00373
     -25.57492     206.00373
     -25.51492     206.00373
     -25.45492     206.00373
     -25.39492     206.00373
     -25.33492     206.00373
     -25.27492     206.00373
     -25.21392     206.00373
     -25.15392     206.00373
     -25.09392     206.00373
     -25.03392     206.00373
     -24.97392     206.00373
     -24.91392     206.00373
     -24.85392     206.00373
     -24.79392     206.00373
     -24.73392     206.00373
     -24.67392     206.00373
     -24.61392     206.00373
     -24.55392     206.00373
     -24.49392     206.00373
     -24.43392     206.00373
     -24.37392     206.00373
     -24.31392     206.00373
     -24.25392     206.00373
     -24.19292     206.00373
     -24.13292     206.00373
     -24.07292     206.00373
     -24.01292     206.00373
     -23.95292     206.00373
     -23.89292     206.00373
     -23.83292     206.00373
     -23.77292     206.00373
     -23.71292     206.00373
     -23.65292     206.00373
     -23.59292     206.00373
     -23.53292     206.00373
     -23.47292     206.00373
     -23.41292     206.00373
     -23.35292     206.00373
     -23.29292     206.00373
     -23.23192     206.00373
     -23.17192     206.00373
     -23.11192     206.00373
     -23.05192     206.00373
     -22.99192     206.00373
     -22.93192     206.00373
     -22.87192     206.00373
     -22.81192     206.00373
     -22.75192     206.00373
     -22.69192     206.00373
     -22.63192     206.00373
     -22.57192     206.00373
     -22.51192     206.00373
     -22.45192     206.00373
     -22.39192     206.00373
     -22.33192     206.00373
     -22.27192     206.00373
     -22.21092     206.00373
     -22.15092     206.00373
     -22.09092     206.00373
     -22.03092     206.00373
     -21.97092     206.00373
     -21.91092     206.00373
     -21.85092     206.00373
     -21.79092     206.00373
     -21.73092     206.00373
     -21.67092     206.00373
     -21.61092     206.00373
     -21.55092     206.00373
     -21.49092     206.00373
     -21.43092     206.00373
     -21.37092     206.00373
     -21.31092     206.00373
     -21.25092     206.00373
     -21.18992     206.00373
     -21.12992     206.00373
     -21.06992     206.00373
     -21.00992     206.00373
     -20.94992     206.00373
     -20.88992     206.00373
     -20.82992     206.00373
     -20.76992     206.00373
     -20.70992     206.00373
     -20.64992     206.00373
     -20.58992     206.00373
     -20.52992     206.00373
     -20.46992     206.00373
     -20.40992     206.00373
     -20.34992     206.00373
     -20.28992     206.00373
     -20.22892     206.00373
     -20.16892     206.00373
     -20.10892     206.00373
     -20.04892     206.00373
     -19.98892     206.00373
     -19.92892     206.00373
     -19.86892     206.00373
     -19.80892     206.00373
     -19.74892     206.00373
     -19.68892     206.00373
     -19.62892     206.00373
     -19.56892     206.00373
     -19.50892     206.00373
     -19.44892     206.00373
     -19.38892     206.00373
     -19.32892     206.00373
     -19.26892     206.00373
     -19.20792     206.00373
     -19.14792     206.00373
     -19.08792     206.00373
     -19.02792     206.00373
     -18.96792     206.00373
     -18.90792     206.00373
     -18.84792     206.00373
     -18.78792     206.00373
     -18.72792     206.00373
     -18.66792     206.00373
     -18.60792     206.00373
     -18.54792     206.00373
     -18.48792     206.00373
     -18.42792     206.00373
     -18.36792     206.00373
     -18.30792     206.00373
     -18.24792     206.00373
     -18.18692     206.00373
     -18.12692     206.00373
     -18.06692     206.00373
     -18.00692     206.00373
     -17.94692     206.00373
     -17.88692     206.00373
     -17.82692     206.00373
     -17.76692     206.00373
     -17.70692     206.00373
     -17.64692     206.00373
     -17.58692     206.00373
     -17.52692     206.00373
     -17.46692     206.00373
     -17.40692     206.00373
     -17.34692     206.00373
     -17.28692     206.00373
     -17.22592     206.00373
     -17.16592     206.00373
     -17.10592     206.00373
     -17.04592     206.00373
     -16.98592     206.00373
     -16.92592     206.00373
     -16.86592     206.00373
     -16.80592     206.00373
     -16.74592     206.00373
     -16.68592     206.00373
     -16.62592     206.00373
     -16.56592     206.00376
     -16.50592     206.00419
     -16.44592     206.00834
     -16.38592     206.03172
     -16.32592     206.11306
     -16.26592     206.30123
     -16.20492     206.61318
     -16.14492     207.00456
     -16.08492     207.38669
     -16.02492     207.68258
     -15.96492     207.86799
     -15.90492     207.96799
     -15.84492     208.04742
     -15.78492     208.21072
     -15.72492     208.56204
     -15.66492     209.10606
     -15.60492     209.72678
     -15.54492     210.33438
     -15.48492     210.98312
     -15.42492     211.81195
     -15.36492     212.88702
     -15.30492     214.13087
     -15.24392     215.47651
     -15.18392     216.92757
     -15.12392     218.36000
     -15.06392     219.56510
     -15.00392     220.54829
     -14.94392     221.53057
     -14.88392     222.70324
     -14.82392     224.06120
     -14.76392     225.40054
     -14.70392     226.53898
     -14.64392     227.46000
     -14.58392     228.26090
     -14.52392     229.05940
     -14.46392     229.87802
     -14.40392     230.68072
     -14.34392     231.37270
     -14.28392     231.80198
     -14.22292     231.96477
     -14.16292     231.99939
     -14.10292     232.00333
     -14.04292     232.00356
     -13.98292     232.00357
     -13.92292     232.00357
     -13.86292     232.00359
     -13.80292     232.00393
     -13.74292     232.00771
     -13.68292     232.03217
     -13.62292     232.12905
     -13.56292     232.37524
     -13.50292     232.79200
     -13.44292     233.27533
     -13.38292     233.66608
     -13.32292     233.88773
     -13.26292     233.97539
     -13.20192     233.99917
     -13.14192     234.00587
     -13.08192     234.02729
     -13.02192     234.12803
     -12.96192     234.41818
     -12.90192     234.92740
     -12.84192     235.47668
     -12.78192     235.85499
     -12.72192     236.09442
     -12.66192     236.41043
     -12.60192     236.93526
     -12.54192     237.62445
     -12.48192     238.39202
     -12.42192     239.17340
     -12.36192     239.90043
     -12.30192     240.59232
     -12.24092     241.35178
     -12.18092     242.22505
     -12.12092     243.16650
     -12.06092     244.11334
     -12.00092     245.06259
     -11.94092     246.04938
     -11.88092     247.08842
     -11.82092     248.15869
     -11.76092     249.21334
     -11.70092     250.23496
     -11.64092     251.25719
     -11.58092     252.28451
     -11.52092     253.28331
     -11.46092     254.27250
     -11.40092     255.30193
     -11.34092     256.38241
     -11.28092     257.52836
     -11.21992     258.78992
     -11.15992     260.15629
     -11.09992     261.50313
     -11.03992     262.68722
     -10.97992     263.64487
     -10.91992     264.43436
     -10.85992     265.16800
     -10.79992     265.87310
     -10.73992     266.50677
     -10.67992     267.07235
     -10.61992     267.63121
     -10.55992     268.22511
     -10.49992     268.81833
     -10.43992     269.32217
     -10.37992     269.67478
     -10.31992     269.87653
     -10.25992     269.96691
     -10.19892     269.99615
     -10.13892     270.00248
     -10.07892     270.00334
     -10.01892     270.00341
      -9.95892     270.00342
      -9.89892     270.00342
      -9.83892     270.00342
      -9.77892     270.00342
      -9.71892     270.00342
      -9.65892     270.00342
      -9.59892     270.00342
      -9.53892     270.00342
      -9.47892     270.00342
      -9.41892     270.00342
      -9.35892     270.00342
      -9.29892     270.00342
      -9.23792     270.00342
      -9.17792     270.00342
      -9.11792     270.00342
      -9.05792     270.00342
      -8.99792     270.00342
      -8.93792     270.00342
      -8.87792     270.00342
      -8.81792     270.00342
      -8.75792     270.00342
      -8.69792     270.00342
      -8.63792     270.00342
      -8.57792     270.00342
      -8.51792     270.00346
      -8.45792     270.00386
      -8.39792     270.00646
      -8.33792     270.01804
      -8.27792     270.05465
      -8.21692     270.13882
      -8.15692     270.28578
      -8.09692     270.50167
      -8.03692     270.80038
      -7.97692     271.19762
      -7.91692     271.68659
      -7.85692     272.25305
      -7.79692     272.89119
      -7.73692     273.57077
      -7.67692     274.25245
      -7.61692     274.93203
      -7.55692     275.59810
      -7.49692     276.22542
      -7.43692     276.83173
      -7.37692     277.45726
      -7.31692     278.15005
      -7.25692     278.97257
      -7.19592     279.94735
      -7.13592     281.05455
      -7.07592     282.28338
      -7.01592     283.61131
      -6.95592     284.96957
      -6.89592     286.30500
      -6.83592     287.64314
      -6.77592     289.03203
      -6.71592     290.48338
      -6.65592     292.00260
      -6.59592     293.59659
      -6.53592     295.23924
      -6.47592     296.87768
      -6.41592     298.48248
      -6.35592     300.06867
      -6.29592     301.68008
      -6.23492     303.37918
      -6.17492     305.21191
      -6.11492     307.16566
      -6.05492     309.17978
      -5.99492     311.18879
      -5.93492     313.16146
      -5.87492     315.10560
      -5.81492     317.03443
      -5.75492     318.97377
      -5.69492     320.99840
      -5.63492     323.20350
      -5.57492     325.65305
      -5.51492     328.37047
      -5.45492     331.35906
      -5.39492     334.59239
      -5.33492     337.98398
      -5.27492     341.45005
      -5.21392     345.00080
      -5.15392     348.67197
      -5.09392     352.41221
      -5.03392     356.13593
      -4.97392     359.80290
      -4.91392     363.41882
      -4.85392     367.04584
      -4.79392     370.75936
      -4.73392     374.54224
      -4.67392     378.29389
      -4.61392     381.95906
      -4.55392     385.58789
      -4.49392     389.26026
      -4.43392     392.97918
      -4.37392     396.66176
      -4.31392     400.21882
      -4.25392     403.61521
      -4.19292     406.89569
      -4.13292     410.15155
      -4.07292     413.41912
      -4.01292     416.63533
      -3.95292     419.70620
      -3.89292     422.57978
      -3.83292     425.25275
      -3.77292     427.74584
      -3.71292     430.08428
      -3.65292     432.30080
      -3.59292     434.43593
      -3.53292     436.51161
      -3.47292     438.52512
      -3.41292     440.47858
      -3.35292     442.37227
      -3.29292     444.17738
      -3.23192     445.85065
      -3.17192     447.37557
      -3.11192     448.80831
      -3.05192     450.24344
      -2.99192     451.69419
      -2.93192     453.08068
      -2.87192     454.33143
      -2.81192     455.41882
      -2.75192     456.35245
      -2.69192     457.19389
      -2.63192     458.02482
      -2.57192     458.87828
      -2.51192     459.71792
      -2.45192     460.48969
      -2.39192     461.18819
      -2.33192     461.86536
      -2.27192     462.58939
      -2.21092     463.38368
      -2.15092     464.20230
      -2.09092     464.99870
      -2.03092     465.77467
      -1.97092     466.54554
      -1.91092     467.33233
      -1.85092     468.17407
      -1.79092     469.09239
      -1.73092     470.06476
      -1.67092     471.06176
      -1.61092     472.08518
      -1.55092     473.13173
      -1.49092     474.17978
      -1.43092     475.24885
      -1.37092     476.38218
      -1.31092     477.57227
      -1.25092     478.76026
      -1.18992     479.89780
      -1.12992     481.00320
      -1.06992     482.14104
      -1.00992     483.36687
      -0.94992     484.71641
      -0.88992     486.18488
      -0.82992     487.71251
      -0.76992     489.26086
      -0.70992     490.85485
      -0.64992     492.49900
      -0.58992     494.13533
      -0.52992     495.70080
      -0.46992     497.18488
      -0.40992     498.63533
      -0.34992     500.10050
      -0.28992     501.60681
      -0.22892     503.19690
      -0.16892     504.91762
      -0.10892     506.80440
      -0.04892     508.90170
       0.01108     511.23563
       0.07108     513.76927
       0.13108     516.41251
       0.19108     519.07918
       0.25108     521.74464
       0.31108     524.44224
       0.37108     527.19149
       0.43108     529.95635
       0.49108     532.69359
       0.55108     535.38819
       0.61108     538.02242
       0.67108     540.57617
       0.73108     543.06867
       0.79208     545.54374
       0.85208     548.02602
       0.91208     550.53954
       0.97208     553.12753
       1.03208     555.80981
       1.09208     558.56957
       1.15208     561.38578
       1.21208     564.23383
       1.27208     567.07107
       1.33208     569.84044
       1.39208     572.50020
       1.45208     575.06236
       1.51208     577.58368
       1.57208     580.12362
       1.63208     582.72272
       1.69208     585.39329
       1.75208     588.11041
       1.81308     590.81191
       1.87308     593.43173
       1.93308     595.95605
       1.99308     598.41852
       2.05308     600.84104
       2.11308     603.20290
       2.17308     605.47587
       2.23308     607.67527
       2.29308     609.82452
       2.35308     611.89720
       2.41308     613.84494
       2.47308     615.65245
       2.53308     617.34104
       2.59308     618.92092
       2.65308     620.34224
       2.71308     621.53083
       2.77408     622.46236
       2.83408     623.14620
       2.89408     623.59002
       2.95408     623.82918
       3.01408     623.93711
       3.07408     623.98150
       3.13408     623.99831
       3.19408     624.00347
       3.25408     624.00461
