      #Energy        PDOS
     -56.74592       0.00000
     -56.68592       0.00000
     -56.62592       0.00000
     -56.56592       0.00000
     -56.50592       0.00000
     -56.44592       0.00000
     -56.38592       0.00000
     -56.32592       0.00002
     -56.26592       0.00005
     -56.20492       0.00010
     -56.14492       0.00014
     -56.08492       0.00018
     -56.02492       0.00027
     -55.96492       0.00043
     -55.90492       0.00057
     -55.84492       0.00066
     -55.78492       0.00069
     -55.72492       0.00070
     -55.66492       0.00070
     -55.60492       0.00070
     -55.54492       0.00070
     -55.48492       0.00070
     -55.42492       0.00070
     -55.36492       0.00070
     -55.30492       0.00070
     -55.24392       0.00070
     -55.18392       0.00070
     -55.12392       0.00070
     -55.06392       0.00070
     -55.00392       0.00070
     -54.94392       0.00070
     -54.88392       0.00070
     -54.82392       0.00070
     -54.76392       0.00070
     -54.70392       0.00070
     -54.64392       0.00070
     -54.58392       0.00070
     -54.52392       0.00070
     -54.46392       0.00070
     -54.40392       0.00070
     -54.34392       0.00070
     -54.28392       0.00070
     -54.22292       0.00070
     -54.16292       0.00070
     -54.10292       0.00070
     -54.04292       0.00070
     -53.98292       0.00070
     -53.92292       0.00070
     -53.86292       0.00070
     -53.80292       0.00070
     -53.74292       0.00070
     -53.68292       0.00070
     -53.62292       0.00070
     -53.56292       0.00070
     -53.50292       0.00070
     -53.44292       0.00070
     -53.38292       0.00070
     -53.32292       0.00070
     -53.26292       0.00070
     -53.20192       0.00070
     -53.14192       0.00070
     -53.08192       0.00070
     -53.02192       0.00070
     -52.96192       0.00070
     -52.90192       0.00070
     -52.84192       0.00070
     -52.78192       0.00070
     -52.72192       0.00070
     -52.66192       0.00070
     -52.60192       0.00070
     -52.54192       0.00070
     -52.48192       0.00070
     -52.42192       0.00070
     -52.36192       0.00070
     -52.30192       0.00070
     -52.24092       0.00070
     -52.18092       0.00070
     -52.12092       0.00070
     -52.06092       0.00070
     -52.00092       0.00070
     -51.94092       0.00070
     -51.88092       0.00070
     -51.82092       0.00070
     -51.76092       0.00070
     -51.70092       0.00070
     -51.64092       0.00070
     -51.58092       0.00070
     -51.52092       0.00070
     -51.46092       0.00070
     -51.40092       0.00070
     -51.34092       0.00070
     -51.28092       0.00070
     -51.21992       0.00070
     -51.15992       0.00070
     -51.09992       0.00070
     -51.03992       0.00070
     -50.97992       0.00070
     -50.91992       0.00070
     -50.85992       0.00070
     -50.79992       0.00070
     -50.73992       0.00070
     -50.67992       0.00070
     -50.61992       0.00070
     -50.55992       0.00070
     -50.49992       0.00070
     -50.43992       0.00070
     -50.37992       0.00070
     -50.31992       0.00070
     -50.25992       0.00070
     -50.19892       0.00070
     -50.13892       0.00070
     -50.07892       0.00070
     -50.01892       0.00070
     -49.95892       0.00070
     -49.89892       0.00070
     -49.83892       0.00070
     -49.77892       0.00070
     -49.71892       0.00070
     -49.65892       0.00070
     -49.59892       0.00070
     -49.53892       0.00070
     -49.47892       0.00070
     -49.41892       0.00070
     -49.35892       0.00070
     -49.29892       0.00070
     -49.23792       0.00070
     -49.17792       0.00070
     -49.11792       0.00070
     -49.05792       0.00070
     -48.99792       0.00070
     -48.93792       0.00070
     -48.87792       0.00070
     -48.81792       0.00070
     -48.75792       0.00070
     -48.69792       0.00070
     -48.63792       0.00070
     -48.57792       0.00070
     -48.51792       0.00070
     -48.45792       0.00070
     -48.39792       0.00070
     -48.33792       0.00070
     -48.27792       0.00070
     -48.21692       0.00070
     -48.15692       0.00070
     -48.09692       0.00070
     -48.03692       0.00070
     -47.97692       0.00070
     -47.91692       0.00070
     -47.85692       0.00070
     -47.79692       0.00070
     -47.73692       0.00070
     -47.67692       0.00070
     -47.61692       0.00070
     -47.55692       0.00070
     -47.49692       0.00070
     -47.43692       0.00070
     -47.37692       0.00070
     -47.31692       0.00070
     -47.25692       0.00070
     -47.19592       0.00070
     -47.13592       0.00070
     -47.07592       0.00070
     -47.01592       0.00070
     -46.95592       0.00070
     -46.89592       0.00070
     -46.83592       0.00070
     -46.77592       0.00070
     -46.71592       0.00070
     -46.65592       0.00070
     -46.59592       0.00070
     -46.53592       0.00070
     -46.47592       0.00070
     -46.41592       0.00070
     -46.35592       0.00070
     -46.29592       0.00070
     -46.23492       0.00070
     -46.17492       0.00070
     -46.11492       0.00070
     -46.05492       0.00070
     -45.99492       0.00070
     -45.93492       0.00070
     -45.87492       0.00070
     -45.81492       0.00070
     -45.75492       0.00070
     -45.69492       0.00070
     -45.63492       0.00070
     -45.57492       0.00070
     -45.51492       0.00070
     -45.45492       0.00070
     -45.39492       0.00070
     -45.33492       0.00070
     -45.27492       0.00070
     -45.21392       0.00070
     -45.15392       0.00070
     -45.09392       0.00070
     -45.03392       0.00070
     -44.97392       0.00070
     -44.91392       0.00070
     -44.85392       0.00070
     -44.79392       0.00070
     -44.73392       0.00070
     -44.67392       0.00070
     -44.61392       0.00070
     -44.55392       0.00070
     -44.49392       0.00070
     -44.43392       0.00070
     -44.37392       0.00070
     -44.31392       0.00070
     -44.25392       0.00070
     -44.19292       0.00070
     -44.13292       0.00070
     -44.07292       0.00070
     -44.01292       0.00070
     -43.95292       0.00070
     -43.89292       0.00070
     -43.83292       0.00073
     -43.77292       0.00086
     -43.71292       0.00118
     -43.65292       0.00173
     -43.59292       0.00242
     -43.53292       0.00306
     -43.47292       0.00352
     -43.41292       0.00375
     -43.35292       0.00383
     -43.29292       0.00384
     -43.23192       0.00385
     -43.17192       0.00385
     -43.11192       0.00385
     -43.05192       0.00385
     -42.99192       0.00385
     -42.93192       0.00385
     -42.87192       0.00385
     -42.81192       0.00385
     -42.75192       0.00385
     -42.69192       0.00385
     -42.63192       0.00385
     -42.57192       0.00385
     -42.51192       0.00385
     -42.45192       0.00385
     -42.39192       0.00385
     -42.33192       0.00385
     -42.27192       0.00385
     -42.21092       0.00385
     -42.15092       0.00385
     -42.09092       0.00385
     -42.03092       0.00385
     -41.97092       0.00385
     -41.91092       0.00385
     -41.85092       0.00385
     -41.79092       0.00385
     -41.73092       0.00385
     -41.67092       0.00385
     -41.61092       0.00385
     -41.55092       0.00385
     -41.49092       0.00385
     -41.43092       0.00385
     -41.37092       0.00385
     -41.31092       0.00385
     -41.25092       0.00385
     -41.18992       0.00385
     -41.12992       0.00385
     -41.06992       0.00385
     -41.00992       0.00385
     -40.94992       0.00385
     -40.88992       0.00385
     -40.82992       0.00385
     -40.76992       0.00385
     -40.70992       0.00385
     -40.64992       0.00385
     -40.58992       0.00385
     -40.52992       0.00385
     -40.46992       0.00385
     -40.40992       0.00385
     -40.34992       0.00385
     -40.28992       0.00385
     -40.22892       0.00385
     -40.16892       0.00385
     -40.10892       0.00385
     -40.04892       0.00385
     -39.98892       0.00385
     -39.92892       0.00385
     -39.86892       0.00385
     -39.80892       0.00385
     -39.74892       0.00386
     -39.68892       0.00388
     -39.62892       0.00393
     -39.56892       0.00405
     -39.50892       0.00427
     -39.44892       0.00460
     -39.38892       0.00493
     -39.32892       0.00520
     -39.26892       0.00541
     -39.20792       0.00557
     -39.14792       0.00569
     -39.08792       0.00577
     -39.02792       0.00581
     -38.96792       0.00583
     -38.90792       0.00583
     -38.84792       0.00583
     -38.78792       0.00583
     -38.72792       0.00583
     -38.66792       0.00583
     -38.60792       0.00583
     -38.54792       0.00583
     -38.48792       0.00583
     -38.42792       0.00583
     -38.36792       0.00583
     -38.30792       0.00583
     -38.24792       0.00583
     -38.18692       0.00583
     -38.12692       0.00583
     -38.06692       0.00583
     -38.00692       0.00583
     -37.94692       0.00583
     -37.88692       0.00583
     -37.82692       0.00583
     -37.76692       0.00583
     -37.70692       0.00583
     -37.64692       0.00583
     -37.58692       0.00583
     -37.52692       0.00583
     -37.46692       0.00583
     -37.40692       0.00583
     -37.34692       0.00583
     -37.28692       0.00583
     -37.22592       0.00583
     -37.16592       0.00583
     -37.10592       0.00583
     -37.04592       0.00583
     -36.98592       0.00583
     -36.92592       0.00583
     -36.86592       0.00583
     -36.80592       0.00583
     -36.74592       0.00583
     -36.68592       0.00583
     -36.62592       0.00583
     -36.56592       0.00583
     -36.50592       0.00583
     -36.44592       0.00583
     -36.38592       0.00583
     -36.32592       0.00583
     -36.26592       0.00583
     -36.20492       0.00583
     -36.14492       0.00583
     -36.08492       0.00583
     -36.02492       0.00583
     -35.96492       0.00586
     -35.90492       0.00601
     -35.84492       0.00655
     -35.78492       0.00762
     -35.72492       0.00893
     -35.66492       0.01007
     -35.60492       0.01114
     -35.54492       0.01262
     -35.48492       0.01456
     -35.42492       0.01650
     -35.36492       0.01806
     -35.30492       0.01910
     -35.24392       0.01966
     -35.18392       0.01991
     -35.12392       0.02002
     -35.06392       0.02008
     -35.00392       0.02011
     -34.94392       0.02012
     -34.88392       0.02012
     -34.82392       0.02012
     -34.76392       0.02012
     -34.70392       0.02012
     -34.64392       0.02012
     -34.58392       0.02012
     -34.52392       0.02012
     -34.46392       0.02012
     -34.40392       0.02012
     -34.34392       0.02012
     -34.28392       0.02012
     -34.22292       0.02012
     -34.16292       0.02012
     -34.10292       0.02012
     -34.04292       0.02012
     -33.98292       0.02012
     -33.92292       0.02012
     -33.86292       0.02012
     -33.80292       0.02012
     -33.74292       0.02012
     -33.68292       0.02012
     -33.62292       0.02012
     -33.56292       0.02012
     -33.50292       0.02012
     -33.44292       0.02012
     -33.38292       0.02012
     -33.32292       0.02012
     -33.26292       0.02012
     -33.20192       0.02012
     -33.14192       0.02012
     -33.08192       0.02012
     -33.02192       0.02012
     -32.96192       0.02012
     -32.90192       0.02012
     -32.84192       0.02012
     -32.78192       0.02012
     -32.72192       0.02012
     -32.66192       0.02012
     -32.60192       0.02012
     -32.54192       0.02015
     -32.48192       0.02031
     -32.42192       0.02087
     -32.36192       0.02197
     -32.30192       0.02331
     -32.24092       0.02470
     -32.18092       0.02660
     -32.12092       0.02953
     -32.06092       0.03302
     -32.00092       0.03590
     -31.94092       0.03760
     -31.88092       0.03843
     -31.82092       0.03880
     -31.76092       0.03893
     -31.70092       0.03897
     -31.64092       0.03897
     -31.58092       0.03897
     -31.52092       0.03898
     -31.46092       0.03907
     -31.40092       0.03943
     -31.34092       0.04031
     -31.28092       0.04173
     -31.21992       0.04382
     -31.15992       0.04701
     -31.09992       0.05123
     -31.03992       0.05556
     -30.97992       0.05895
     -30.91992       0.06093
     -30.85992       0.06184
     -30.79992       0.06271
     -30.73992       0.06456
     -30.67992       0.06740
     -30.61992       0.07006
     -30.55992       0.07181
     -30.49992       0.07298
     -30.43992       0.07387
     -30.37992       0.07440
     -30.31992       0.07459
     -30.25992       0.07463
     -30.19892       0.07463
     -30.13892       0.07463
     -30.07892       0.07463
     -30.01892       0.07463
     -29.95892       0.07463
     -29.89892       0.07463
     -29.83892       0.07463
     -29.77892       0.07463
     -29.71892       0.07463
     -29.65892       0.07463
     -29.59892       0.07463
     -29.53892       0.07463
     -29.47892       0.07463
     -29.41892       0.07463
     -29.35892       0.07463
     -29.29892       0.07463
     -29.23792       0.07463
     -29.17792       0.07463
     -29.11792       0.07463
     -29.05792       0.07463
     -28.99792       0.07463
     -28.93792       0.07463
     -28.87792       0.07463
     -28.81792       0.07463
     -28.75792       0.07463
     -28.69792       0.07463
     -28.63792       0.07463
     -28.57792       0.07463
     -28.51792       0.07463
     -28.45792       0.07463
     -28.39792       0.07463
     -28.33792       0.07463
     -28.27792       0.07463
     -28.21692       0.07463
     -28.15692       0.07463
     -28.09692       0.07463
     -28.03692       0.07463
     -27.97692       0.07463
     -27.91692       0.07463
     -27.85692       0.07463
     -27.79692       0.07463
     -27.73692       0.07463
     -27.67692       0.07463
     -27.61692       0.07463
     -27.55692       0.07463
     -27.49692       0.07463
     -27.43692       0.07463
     -27.37692       0.07463
     -27.31692       0.07463
     -27.25692       0.07463
     -27.19592       0.07463
     -27.13592       0.07463
     -27.07592       0.07463
     -27.01592       0.07463
     -26.95592       0.07463
     -26.89592       0.07463
     -26.83592       0.07463
     -26.77592       0.07463
     -26.71592       0.07463
     -26.65592       0.07463
     -26.59592       0.07463
     -26.53592       0.07463
     -26.47592       0.07463
     -26.41592       0.07463
     -26.35592       0.07463
     -26.29592       0.07463
     -26.23492       0.07463
     -26.17492       0.07463
     -26.11492       0.07463
     -26.05492       0.07463
     -25.99492       0.07463
     -25.93492       0.07463
     -25.87492       0.07463
     -25.81492       0.07463
     -25.75492       0.07463
     -25.69492       0.07463
     -25.63492       0.07463
     -25.57492       0.07463
     -25.51492       0.07463
     -25.45492       0.07463
     -25.39492       0.07463
     -25.33492       0.07463
     -25.27492       0.07463
     -25.21392       0.07463
     -25.15392       0.07463
     -25.09392       0.07463
     -25.03392       0.07463
     -24.97392       0.07463
     -24.91392       0.07463
     -24.85392       0.07463
     -24.79392       0.07463
     -24.73392       0.07463
     -24.67392       0.07463
     -24.61392       0.07463
     -24.55392       0.07463
     -24.49392       0.07463
     -24.43392       0.07463
     -24.37392       0.07463
     -24.31392       0.07463
     -24.25392       0.07463
     -24.19292       0.07463
     -24.13292       0.07463
     -24.07292       0.07463
     -24.01292       0.07463
     -23.95292       0.07463
     -23.89292       0.07463
     -23.83292       0.07463
     -23.77292       0.07463
     -23.71292       0.07463
     -23.65292       0.07463
     -23.59292       0.07463
     -23.53292       0.07463
     -23.47292       0.07463
     -23.41292       0.07463
     -23.35292       0.07463
     -23.29292       0.07463
     -23.23192       0.07463
     -23.17192       0.07463
     -23.11192       0.07463
     -23.05192       0.07463
     -22.99192       0.07463
     -22.93192       0.07463
     -22.87192       0.07463
     -22.81192       0.07463
     -22.75192       0.07463
     -22.69192       0.07463
     -22.63192       0.07463
     -22.57192       0.07463
     -22.51192       0.07463
     -22.45192       0.07463
     -22.39192       0.07463
     -22.33192       0.07463
     -22.27192       0.07463
     -22.21092       0.07463
     -22.15092       0.07463
     -22.09092       0.07463
     -22.03092       0.07463
     -21.97092       0.07463
     -21.91092       0.07463
     -21.85092       0.07463
     -21.79092       0.07463
     -21.73092       0.07463
     -21.67092       0.07463
     -21.61092       0.07463
     -21.55092       0.07463
     -21.49092       0.07463
     -21.43092       0.07463
     -21.37092       0.07463
     -21.31092       0.07463
     -21.25092       0.07463
     -21.18992       0.07463
     -21.12992       0.07463
     -21.06992       0.07463
     -21.00992       0.07463
     -20.94992       0.07463
     -20.88992       0.07463
     -20.82992       0.07463
     -20.76992       0.07463
     -20.70992       0.07463
     -20.64992       0.07463
     -20.58992       0.07463
     -20.52992       0.07463
     -20.46992       0.07463
     -20.40992       0.07463
     -20.34992       0.07463
     -20.28992       0.07463
     -20.22892       0.07463
     -20.16892       0.07463
     -20.10892       0.07463
     -20.04892       0.07463
     -19.98892       0.07463
     -19.92892       0.07463
     -19.86892       0.07463
     -19.80892       0.07463
     -19.74892       0.07463
     -19.68892       0.07463
     -19.62892       0.07463
     -19.56892       0.07463
     -19.50892       0.07463
     -19.44892       0.07463
     -19.38892       0.07463
     -19.32892       0.07463
     -19.26892       0.07463
     -19.20792       0.07463
     -19.14792       0.07463
     -19.08792       0.07463
     -19.02792       0.07463
     -18.96792       0.07463
     -18.90792       0.07463
     -18.84792       0.07463
     -18.78792       0.07463
     -18.72792       0.07463
     -18.66792       0.07463
     -18.60792       0.07463
     -18.54792       0.07463
     -18.48792       0.07463
     -18.42792       0.07463
     -18.36792       0.07463
     -18.30792       0.07463
     -18.24792       0.07463
     -18.18692       0.07463
     -18.12692       0.07463
     -18.06692       0.07463
     -18.00692       0.07463
     -17.94692       0.07463
     -17.88692       0.07463
     -17.82692       0.07463
     -17.76692       0.07463
     -17.70692       0.07463
     -17.64692       0.07463
     -17.58692       0.07463
     -17.52692       0.07463
     -17.46692       0.07463
     -17.40692       0.07463
     -17.34692       0.07463
     -17.28692       0.07463
     -17.22592       0.07463
     -17.16592       0.07463
     -17.10592       0.07463
     -17.04592       0.07463
     -16.98592       0.07463
     -16.92592       0.07463
     -16.86592       0.07463
     -16.80592       0.07463
     -16.74592       0.07463
     -16.68592       0.07463
     -16.62592       0.07463
     -16.56592       0.07463
     -16.50592       0.07463
     -16.44592       0.07464
     -16.38592       0.07465
     -16.32592       0.07471
     -16.26592       0.07486
     -16.20492       0.07515
     -16.14492       0.07557
     -16.08492       0.07605
     -16.02492       0.07647
     -15.96492       0.07677
     -15.90492       0.07694
     -15.84492       0.07706
     -15.78492       0.07723
     -15.72492       0.07756
     -15.66492       0.07807
     -15.60492       0.07865
     -15.54492       0.07924
     -15.48492       0.07987
     -15.42492       0.08065
     -15.36492       0.08162
     -15.30492       0.08270
     -15.24392       0.08377
     -15.18392       0.08478
     -15.12392       0.08567
     -15.06392       0.08639
     -15.00392       0.08700
     -14.94392       0.08769
     -14.88392       0.08860
     -14.82392       0.08969
     -14.76392       0.09073
     -14.70392       0.09160
     -14.64392       0.09235
     -14.58392       0.09312
     -14.52392       0.09400
     -14.46392       0.09498
     -14.40392       0.09598
     -14.34392       0.09686
     -14.28392       0.09742
     -14.22292       0.09763
     -14.16292       0.09767
     -14.10292       0.09768
     -14.04292       0.09768
     -13.98292       0.09768
     -13.92292       0.09768
     -13.86292       0.09768
     -13.80292       0.09768
     -13.74292       0.09768
     -13.68292       0.09772
     -13.62292       0.09785
     -13.56292       0.09819
     -13.50292       0.09875
     -13.44292       0.09940
     -13.38292       0.09992
     -13.32292       0.10020
     -13.26292       0.10032
     -13.20192       0.10035
     -13.14192       0.10036
     -13.08192       0.10039
     -13.02192       0.10056
     -12.96192       0.10106
     -12.90192       0.10195
     -12.84192       0.10293
     -12.78192       0.10363
     -12.72192       0.10412
     -12.66192       0.10483
     -12.60192       0.10600
     -12.54192       0.10749
     -12.48192       0.10915
     -12.42192       0.11085
     -12.36192       0.11247
     -12.30192       0.11401
     -12.24092       0.11563
     -12.18092       0.11744
     -12.12092       0.11941
     -12.06092       0.12152
     -12.00092       0.12372
     -11.94092       0.12596
     -11.88092       0.12820
     -11.82092       0.13042
     -11.76092       0.13259
     -11.70092       0.13473
     -11.64092       0.13693
     -11.58092       0.13917
     -11.52092       0.14143
     -11.46092       0.14380
     -11.40092       0.14636
     -11.34092       0.14907
     -11.28092       0.15196
     -11.21992       0.15511
     -11.15992       0.15844
     -11.09992       0.16161
     -11.03992       0.16438
     -10.97992       0.16692
     -10.91992       0.16960
     -10.85992       0.17253
     -10.79992       0.17525
     -10.73992       0.17732
     -10.67992       0.17887
     -10.61992       0.18028
     -10.55992       0.18180
     -10.49992       0.18336
     -10.43992       0.18471
     -10.37992       0.18569
     -10.31992       0.18624
     -10.25992       0.18649
     -10.19892       0.18656
     -10.13892       0.18657
     -10.07892       0.18658
     -10.01892       0.18658
      -9.95892       0.18658
      -9.89892       0.18658
      -9.83892       0.18658
      -9.77892       0.18658
      -9.71892       0.18658
      -9.65892       0.18658
      -9.59892       0.18658
      -9.53892       0.18658
      -9.47892       0.18658
      -9.41892       0.18658
      -9.35892       0.18658
      -9.29892       0.18658
      -9.23792       0.18658
      -9.17792       0.18658
      -9.11792       0.18658
      -9.05792       0.18658
      -8.99792       0.18658
      -8.93792       0.18658
      -8.87792       0.18658
      -8.81792       0.18658
      -8.75792       0.18658
      -8.69792       0.18658
      -8.63792       0.18658
      -8.57792       0.18658
      -8.51792       0.18658
      -8.45792       0.18661
      -8.39792       0.18684
      -8.33792       0.18783
      -8.27792       0.19098
      -8.21692       0.19825
      -8.15692       0.21093
      -8.09692       0.22936
      -8.03692       0.25440
      -7.97692       0.28718
      -7.91692       0.32694
      -7.85692       0.37222
      -7.79692       0.42252
      -7.73692       0.47566
      -7.67692       0.52862
      -7.61692       0.58114
      -7.55692       0.63289
      -7.49692       0.68286
      -7.43692       0.73391
      -7.37692       0.79168
      -7.31692       0.86254
      -7.25692       0.95255
      -7.19592       1.06298
      -7.13592       1.19175
      -7.07592       1.33789
      -7.01592       1.49821
      -6.95592       1.66424
      -6.89592       1.83039
      -6.83592       2.00125
      -6.77592       2.18397
      -6.71592       2.38123
      -6.65592       2.59478
      -6.59592       2.82532
      -6.53592       3.06726
      -6.47592       3.31051
      -6.41592       3.55003
      -6.35592       3.78943
      -6.29592       4.03640
      -6.23492       4.29977
      -6.17492       4.58593
      -6.11492       4.89365
      -6.05492       5.21462
      -5.99492       5.53864
      -5.93492       5.86012
      -5.87492       6.17929
      -5.81492       6.49651
      -5.75492       6.81608
      -5.69492       7.15504
      -5.63492       7.53599
      -5.57492       7.97388
      -5.51492       8.47151
      -5.45492       9.02142
      -5.39492       9.60689
      -5.33492      10.20373
      -5.27492      10.79667
      -5.21392      11.39313
      -5.15392      12.00533
      -5.09392      12.62738
      -5.03392      13.24443
      -4.97392      13.84810
      -4.91392      14.43833
      -4.85392      15.02420
      -4.79392      15.61521
      -4.73392      16.20524
      -4.67392      16.77693
      -4.61392      17.32260
      -4.55392      17.84955
      -4.49392      18.36657
      -4.43392      18.87303
      -4.37392      19.36091
      -4.31392      19.82253
      -4.25392      20.25445
      -4.19292      20.66023
      -4.13292      21.04928
      -4.07292      21.42842
      -4.01292      21.79597
      -3.95292      22.14487
      -3.89292      22.46979
      -3.83292      22.77105
      -3.77292      23.05349
      -3.71292      23.32276
      -3.65292      23.58499
      -3.59292      23.84715
      -3.53292      24.11188
      -3.47292      24.37498
      -3.41292      24.63292
      -3.35292      24.88588
      -3.29292      25.13119
      -3.23192      25.36284
      -3.17192      25.57943
      -3.11192      25.78926
      -3.05192      26.00211
      -2.99192      26.21476
      -2.93192      26.41248
      -2.87192      26.58455
      -2.81192      26.73112
      -2.75192      26.85939
      -2.69192      26.97982
      -2.63192      27.10129
      -2.57192      27.22538
      -2.51192      27.34653
      -2.45192      27.45835
      -2.39192      27.55929
      -2.33192      27.65321
      -2.27192      27.74710
      -2.21092      27.84549
      -2.15092      27.94518
      -2.09092      28.04068
      -2.03092      28.13126
      -1.97092      28.21840
      -1.91092      28.30387
      -1.85092      28.39079
      -1.79092      28.48092
      -1.73092      28.57240
      -1.67092      28.66256
      -1.61092      28.75073
      -1.55092      28.83619
      -1.49092      28.91804
      -1.43092      28.99880
      -1.37092      29.08138
      -1.31092      29.16376
      -1.25092      29.24119
      -1.18992      29.31162
      -1.12992      29.37834
      -1.06992      29.44707
      -1.00992      29.52196
      -0.94992      29.60497
      -0.88992      29.69429
      -0.82992      29.78431
      -0.76992      29.87151
      -0.70992      29.95749
      -0.64992      30.04333
      -0.58992      30.12645
      -0.52992      30.20401
      -0.46992      30.27594
      -0.40992      30.34488
      -0.34992      30.41390
      -0.28992      30.48491
      -0.22892      30.55938
      -0.16892      30.63837
      -0.10892      30.72242
      -0.04892      30.81222
       0.01108      30.90796
       0.07108      31.00853
       0.13108      31.11156
       0.19108      31.21482
       0.25108      31.31832
       0.31108      31.42471
       0.37108      31.53624
       0.43108      31.65186
       0.49108      31.76889
       0.55108      31.88552
       0.61108      32.00001
       0.67108      32.11044
       0.73108      32.21711
       0.79208      32.32221
       0.85208      32.42728
       0.91208      32.53354
       0.97208      32.64288
       1.03208      32.75628
       1.09208      32.87352
       1.15208      32.99452
       1.21208      33.11861
       1.27208      33.24347
       1.33208      33.36637
       1.39208      33.48644
       1.45208      33.60518
       1.51208      33.72461
       1.57208      33.84594
       1.63208      33.97026
       1.69208      34.09848
       1.75208      34.22988
       1.81308      34.36142
       1.87308      34.48938
       1.93308      34.61290
       1.99308      34.73451
       2.05308      34.85622
       2.11308      34.97724
       2.17308      35.09622
       2.23308      35.21390
       2.29308      35.33087
       2.35308      35.44447
       2.41308      35.55094
       2.47308      35.64884
       2.53308      35.73929
       2.59308      35.82328
       2.65308      35.89866
       2.71308      35.96173
       2.77408      36.01132
       2.83408      36.04801
       2.89408      36.07210
       2.95408      36.08523
       3.01408      36.09119
       3.07408      36.09364
       3.13408      36.09457
       3.19408      36.09486
       3.25408      36.09492
