      #Energy        PDOS
     -56.31913       0.00000
     -56.25913       0.00000
     -56.19913       0.00000
     -56.13913       0.00000
     -56.07913       0.00001
     -56.01913       0.00002
     -55.95913       0.00002
     -55.89913       0.00003
     -55.83913       0.00003
     -55.77813       0.00003
     -55.71813       0.00002
     -55.65813       0.00002
     -55.59813       0.00002
     -55.53813       0.00003
     -55.47813       0.00002
     -55.41813       0.00001
     -55.35813       0.00000
     -55.29813       0.00000
     -55.23813       0.00000
     -55.17813       0.00000
     -55.11813       0.00000
     -55.05813       0.00000
     -54.99813       0.00000
     -54.93813       0.00000
     -54.87813       0.00000
     -54.81713       0.00000
     -54.75713       0.00000
     -54.69713       0.00000
     -54.63713       0.00000
     -54.57713       0.00000
     -54.51713       0.00000
     -54.45713       0.00000
     -54.39713       0.00000
     -54.33713       0.00000
     -54.27713       0.00000
     -54.21713       0.00000
     -54.15713       0.00000
     -54.09713       0.00000
     -54.03713       0.00000
     -53.97713       0.00000
     -53.91713       0.00000
     -53.85713       0.00000
     -53.79613       0.00000
     -53.73613       0.00000
     -53.67613       0.00000
     -53.61613       0.00000
     -53.55613       0.00000
     -53.49613       0.00000
     -53.43613       0.00000
     -53.37613       0.00000
     -53.31613       0.00000
     -53.25613       0.00000
     -53.19613       0.00000
     -53.13613       0.00000
     -53.07613       0.00000
     -53.01613       0.00000
     -52.95613       0.00000
     -52.89613       0.00000
     -52.83613       0.00000
     -52.77513       0.00000
     -52.71513       0.00000
     -52.65513       0.00000
     -52.59513       0.00000
     -52.53513       0.00000
     -52.47513       0.00000
     -52.41513       0.00000
     -52.35513       0.00000
     -52.29513       0.00000
     -52.23513       0.00000
     -52.17513       0.00000
     -52.11513       0.00000
     -52.05513       0.00000
     -51.99513       0.00000
     -51.93513       0.00000
     -51.87513       0.00000
     -51.81413       0.00000
     -51.75413       0.00000
     -51.69413       0.00000
     -51.63413       0.00000
     -51.57413       0.00000
     -51.51413       0.00000
     -51.45413       0.00000
     -51.39413       0.00000
     -51.33413       0.00000
     -51.27413       0.00000
     -51.21413       0.00000
     -51.15413       0.00000
     -51.09413       0.00000
     -51.03413       0.00000
     -50.97413       0.00000
     -50.91413       0.00000
     -50.85413       0.00000
     -50.79313       0.00000
     -50.73313       0.00000
     -50.67313       0.00000
     -50.61313       0.00000
     -50.55313       0.00000
     -50.49313       0.00000
     -50.43313       0.00000
     -50.37313       0.00000
     -50.31313       0.00000
     -50.25313       0.00000
     -50.19313       0.00000
     -50.13313       0.00000
     -50.07313       0.00000
     -50.01313       0.00000
     -49.95313       0.00000
     -49.89313       0.00000
     -49.83313       0.00000
     -49.77213       0.00000
     -49.71213       0.00000
     -49.65213       0.00000
     -49.59213       0.00000
     -49.53213       0.00000
     -49.47213       0.00000
     -49.41213       0.00000
     -49.35213       0.00000
     -49.29213       0.00000
     -49.23213       0.00001
     -49.17213       0.00003
     -49.11213       0.00006
     -49.05213       0.00007
     -48.99213       0.00004
     -48.93213       0.00001
     -48.87213       0.00001
     -48.81113       0.00002
     -48.75113       0.00005
     -48.69113       0.00008
     -48.63113       0.00012
     -48.57113       0.00013
     -48.51113       0.00008
     -48.45113       0.00003
     -48.39113       0.00001
     -48.33113       0.00001
     -48.27113       0.00002
     -48.21113       0.00005
     -48.15113       0.00006
     -48.09113       0.00003
     -48.03113       0.00001
     -47.97113       0.00000
     -47.91113       0.00000
     -47.85113       0.00000
     -47.79013       0.00000
     -47.73013       0.00000
     -47.67013       0.00000
     -47.61013       0.00000
     -47.55013       0.00000
     -47.49013       0.00000
     -47.43013       0.00000
     -47.37013       0.00000
     -47.31013       0.00000
     -47.25013       0.00000
     -47.19013       0.00000
     -47.13013       0.00000
     -47.07013       0.00000
     -47.01013       0.00000
     -46.95013       0.00000
     -46.89013       0.00000
     -46.83013       0.00000
     -46.76913       0.00000
     -46.70913       0.00000
     -46.64913       0.00000
     -46.58913       0.00000
     -46.52913       0.00000
     -46.46913       0.00000
     -46.40913       0.00000
     -46.34913       0.00000
     -46.28913       0.00000
     -46.22913       0.00000
     -46.16913       0.00000
     -46.10913       0.00000
     -46.04913       0.00000
     -45.98913       0.00000
     -45.92913       0.00000
     -45.86913       0.00000
     -45.80813       0.00000
     -45.74813       0.00000
     -45.68813       0.00000
     -45.62813       0.00000
     -45.56813       0.00000
     -45.50813       0.00000
     -45.44813       0.00000
     -45.38813       0.00000
     -45.32813       0.00000
     -45.26813       0.00000
     -45.20813       0.00000
     -45.14813       0.00000
     -45.08813       0.00000
     -45.02813       0.00000
     -44.96813       0.00000
     -44.90813       0.00000
     -44.84813       0.00000
     -44.78713       0.00000
     -44.72713       0.00000
     -44.66713       0.00000
     -44.60713       0.00000
     -44.54713       0.00000
     -44.48713       0.00000
     -44.42713       0.00000
     -44.36713       0.00000
     -44.30713       0.00000
     -44.24713       0.00000
     -44.18713       0.00000
     -44.12713       0.00000
     -44.06713       0.00000
     -44.00713       0.00000
     -43.94713       0.00000
     -43.88713       0.00000
     -43.82713       0.00001
     -43.76613       0.00003
     -43.70613       0.00005
     -43.64613       0.00011
     -43.58613       0.00029
     -43.52613       0.00051
     -43.46613       0.00057
     -43.40613       0.00041
     -43.34613       0.00019
     -43.28613       0.00007
     -43.22613       0.00002
     -43.16613       0.00001
     -43.10613       0.00000
     -43.04613       0.00000
     -42.98613       0.00000
     -42.92613       0.00000
     -42.86613       0.00000
     -42.80513       0.00000
     -42.74513       0.00000
     -42.68513       0.00000
     -42.62513       0.00000
     -42.56513       0.00000
     -42.50513       0.00000
     -42.44513       0.00000
     -42.38513       0.00000
     -42.32513       0.00000
     -42.26513       0.00000
     -42.20513       0.00000
     -42.14513       0.00000
     -42.08513       0.00000
     -42.02513       0.00000
     -41.96513       0.00000
     -41.90513       0.00000
     -41.84513       0.00000
     -41.78413       0.00000
     -41.72413       0.00000
     -41.66413       0.00000
     -41.60413       0.00000
     -41.54413       0.00000
     -41.48413       0.00000
     -41.42413       0.00000
     -41.36413       0.00000
     -41.30413       0.00000
     -41.24413       0.00000
     -41.18413       0.00000
     -41.12413       0.00000
     -41.06413       0.00000
     -41.00413       0.00000
     -40.94413       0.00000
     -40.88413       0.00000
     -40.82413       0.00000
     -40.76313       0.00000
     -40.70313       0.00000
     -40.64313       0.00000
     -40.58313       0.00000
     -40.52313       0.00000
     -40.46313       0.00000
     -40.40313       0.00000
     -40.34313       0.00000
     -40.28313       0.00000
     -40.22313       0.00000
     -40.16313       0.00000
     -40.10313       0.00000
     -40.04313       0.00000
     -39.98313       0.00000
     -39.92313       0.00000
     -39.86313       0.00000
     -39.80213       0.00000
     -39.74213       0.00000
     -39.68213       0.00000
     -39.62213       0.00000
     -39.56213       0.00000
     -39.50213       0.00000
     -39.44213       0.00000
     -39.38213       0.00000
     -39.32213       0.00000
     -39.26213       0.00000
     -39.20213       0.00000
     -39.14213       0.00000
     -39.08213       0.00000
     -39.02213       0.00000
     -38.96213       0.00000
     -38.90213       0.00000
     -38.84213       0.00000
     -38.78113       0.00000
     -38.72113       0.00000
     -38.66113       0.00000
     -38.60113       0.00000
     -38.54113       0.00000
     -38.48113       0.00000
     -38.42113       0.00000
     -38.36113       0.00000
     -38.30113       0.00000
     -38.24113       0.00000
     -38.18113       0.00000
     -38.12113       0.00000
     -38.06113       0.00000
     -38.00113       0.00000
     -37.94113       0.00000
     -37.88113       0.00000
     -37.82113       0.00000
     -37.76013       0.00000
     -37.70013       0.00000
     -37.64013       0.00000
     -37.58013       0.00000
     -37.52013       0.00000
     -37.46013       0.00000
     -37.40013       0.00000
     -37.34013       0.00000
     -37.28013       0.00000
     -37.22013       0.00000
     -37.16013       0.00000
     -37.10013       0.00000
     -37.04013       0.00000
     -36.98013       0.00000
     -36.92013       0.00000
     -36.86013       0.00000
     -36.79913       0.00000
     -36.73913       0.00000
     -36.67913       0.00000
     -36.61913       0.00000
     -36.55913       0.00000
     -36.49913       0.00000
     -36.43913       0.00000
     -36.37913       0.00000
     -36.31913       0.00000
     -36.25913       0.00000
     -36.19913       0.00000
     -36.13913       0.00000
     -36.07913       0.00000
     -36.01913       0.00000
     -35.95913       0.00000
     -35.89913       0.00000
     -35.83913       0.00000
     -35.77813       0.00000
     -35.71813       0.00000
     -35.65813       0.00000
     -35.59813       0.00000
     -35.53813       0.00003
     -35.47813       0.00014
     -35.41813       0.00040
     -35.35813       0.00068
     -35.29813       0.00084
     -35.23813       0.00111
     -35.17813       0.00155
     -35.11813       0.00165
     -35.05813       0.00123
     -34.99813       0.00074
     -34.93813       0.00043
     -34.87813       0.00020
     -34.81713       0.00006
     -34.75713       0.00001
     -34.69713       0.00000
     -34.63713       0.00000
     -34.57713       0.00000
     -34.51713       0.00000
     -34.45713       0.00000
     -34.39713       0.00000
     -34.33713       0.00000
     -34.27713       0.00000
     -34.21713       0.00000
     -34.15713       0.00000
     -34.09713       0.00000
     -34.03713       0.00000
     -33.97713       0.00000
     -33.91713       0.00000
     -33.85713       0.00000
     -33.79613       0.00000
     -33.73613       0.00000
     -33.67613       0.00000
     -33.61613       0.00000
     -33.55613       0.00000
     -33.49613       0.00000
     -33.43613       0.00000
     -33.37613       0.00000
     -33.31613       0.00000
     -33.25613       0.00000
     -33.19613       0.00000
     -33.13613       0.00000
     -33.07613       0.00000
     -33.01613       0.00000
     -32.95613       0.00000
     -32.89613       0.00000
     -32.83613       0.00000
     -32.77513       0.00000
     -32.71513       0.00000
     -32.65513       0.00000
     -32.59513       0.00000
     -32.53513       0.00000
     -32.47513       0.00001
     -32.41513       0.00008
     -32.35513       0.00026
     -32.29513       0.00049
     -32.23513       0.00067
     -32.17513       0.00087
     -32.11513       0.00123
     -32.05513       0.00180
     -31.99513       0.00233
     -31.93513       0.00224
     -31.87513       0.00159
     -31.81413       0.00103
     -31.75413       0.00096
     -31.69413       0.00119
     -31.63413       0.00127
     -31.57413       0.00095
     -31.51413       0.00044
     -31.45413       0.00012
     -31.39413       0.00002
     -31.33413       0.00000
     -31.27413       0.00000
     -31.21413       0.00000
     -31.15413       0.00002
     -31.09413       0.00007
     -31.03413       0.00015
     -30.97413       0.00019
     -30.91413       0.00016
     -30.85413       0.00013
     -30.79313       0.00028
     -30.73313       0.00073
     -30.67313       0.00129
     -30.61313       0.00158
     -30.55313       0.00164
     -30.49313       0.00166
     -30.43313       0.00147
     -30.37313       0.00103
     -30.31313       0.00058
     -30.25313       0.00024
     -30.19313       0.00006
     -30.13313       0.00001
     -30.07313       0.00000
     -30.01313       0.00000
     -29.95313       0.00000
     -29.89313       0.00000
     -29.83313       0.00000
     -29.77213       0.00000
     -29.71213       0.00000
     -29.65213       0.00000
     -29.59213       0.00000
     -29.53213       0.00000
     -29.47213       0.00000
     -29.41213       0.00000
     -29.35213       0.00000
     -29.29213       0.00000
     -29.23213       0.00000
     -29.17213       0.00000
     -29.11213       0.00000
     -29.05213       0.00000
     -28.99213       0.00000
     -28.93213       0.00000
     -28.87213       0.00000
     -28.81113       0.00000
     -28.75113       0.00000
     -28.69113       0.00000
     -28.63113       0.00000
     -28.57113       0.00000
     -28.51113       0.00000
     -28.45113       0.00000
     -28.39113       0.00000
     -28.33113       0.00000
     -28.27113       0.00000
     -28.21113       0.00000
     -28.15113       0.00000
     -28.09113       0.00000
     -28.03113       0.00000
     -27.97113       0.00000
     -27.91113       0.00000
     -27.85113       0.00003
     -27.79013       0.00015
     -27.73013       0.00037
     -27.67013       0.00053
     -27.61013       0.00082
     -27.55013       0.00178
     -27.49013       0.00302
     -27.43013       0.00349
     -27.37013       0.00304
     -27.31013       0.00241
     -27.25013       0.00212
     -27.19013       0.00206
     -27.13013       0.00261
     -27.07013       0.00439
     -27.01013       0.00669
     -26.95013       0.00835
     -26.89013       0.00756
     -26.83013       0.00422
     -26.76913       0.00135
     -26.70913       0.00046
     -26.64913       0.00114
     -26.58913       0.00279
     -26.52913       0.00359
     -26.46913       0.00237
     -26.40913       0.00081
     -26.34913       0.00014
     -26.28913       0.00001
     -26.22913       0.00000
     -26.16913       0.00000
     -26.10913       0.00000
     -26.04913       0.00000
     -25.98913       0.00000
     -25.92913       0.00000
     -25.86913       0.00000
     -25.80813       0.00000
     -25.74813       0.00000
     -25.68813       0.00000
     -25.62813       0.00000
     -25.56813       0.00000
     -25.50813       0.00000
     -25.44813       0.00000
     -25.38813       0.00000
     -25.32813       0.00000
     -25.26813       0.00000
     -25.20813       0.00000
     -25.14813       0.00000
     -25.08813       0.00000
     -25.02813       0.00000
     -24.96813       0.00000
     -24.90813       0.00000
     -24.84813       0.00000
     -24.78713       0.00000
     -24.72713       0.00000
     -24.66713       0.00000
     -24.60713       0.00000
     -24.54713       0.00000
     -24.48713       0.00000
     -24.42713       0.00000
     -24.36713       0.00000
     -24.30713       0.00000
     -24.24713       0.00000
     -24.18713       0.00000
     -24.12713       0.00000
     -24.06713       0.00000
     -24.00713       0.00000
     -23.94713       0.00000
     -23.88713       0.00000
     -23.82713       0.00000
     -23.76613       0.00000
     -23.70613       0.00000
     -23.64613       0.00000
     -23.58613       0.00000
     -23.52613       0.00000
     -23.46613       0.00000
     -23.40613       0.00000
     -23.34613       0.00000
     -23.28613       0.00000
     -23.22613       0.00000
     -23.16613       0.00000
     -23.10613       0.00000
     -23.04613       0.00000
     -22.98613       0.00000
     -22.92613       0.00000
     -22.86613       0.00000
     -22.80513       0.00000
     -22.74513       0.00000
     -22.68513       0.00000
     -22.62513       0.00000
     -22.56513       0.00000
     -22.50513       0.00000
     -22.44513       0.00000
     -22.38513       0.00000
     -22.32513       0.00000
     -22.26513       0.00000
     -22.20513       0.00000
     -22.14513       0.00000
     -22.08513       0.00000
     -22.02513       0.00000
     -21.96513       0.00000
     -21.90513       0.00000
     -21.84513       0.00000
     -21.78413       0.00000
     -21.72413       0.00000
     -21.66413       0.00000
     -21.60413       0.00000
     -21.54413       0.00000
     -21.48413       0.00000
     -21.42413       0.00000
     -21.36413       0.00000
     -21.30413       0.00000
     -21.24413       0.00000
     -21.18413       0.00000
     -21.12413       0.00000
     -21.06413       0.00000
     -21.00413       0.00000
     -20.94413       0.00000
     -20.88413       0.00000
     -20.82413       0.00000
     -20.76313       0.00000
     -20.70313       0.00000
     -20.64313       0.00000
     -20.58313       0.00000
     -20.52313       0.00000
     -20.46313       0.00000
     -20.40313       0.00000
     -20.34313       0.00000
     -20.28313       0.00000
     -20.22313       0.00000
     -20.16313       0.00000
     -20.10313       0.00000
     -20.04313       0.00000
     -19.98313       0.00000
     -19.92313       0.00000
     -19.86313       0.00000
     -19.80213       0.00000
     -19.74213       0.00000
     -19.68213       0.00000
     -19.62213       0.00000
     -19.56213       0.00000
     -19.50213       0.00000
     -19.44213       0.00000
     -19.38213       0.00000
     -19.32213       0.00000
     -19.26213       0.00000
     -19.20213       0.00000
     -19.14213       0.00000
     -19.08213       0.00000
     -19.02213       0.00000
     -18.96213       0.00000
     -18.90213       0.00000
     -18.84213       0.00000
     -18.78113       0.00000
     -18.72113       0.00000
     -18.66113       0.00000
     -18.60113       0.00000
     -18.54113       0.00000
     -18.48113       0.00000
     -18.42113       0.00000
     -18.36113       0.00000
     -18.30113       0.00000
     -18.24113       0.00000
     -18.18113       0.00000
     -18.12113       0.00000
     -18.06113       0.00000
     -18.00113       0.00000
     -17.94113       0.00000
     -17.88113       0.00000
     -17.82113       0.00000
     -17.76013       0.00000
     -17.70013       0.00000
     -17.64013       0.00000
     -17.58013       0.00000
     -17.52013       0.00000
     -17.46013       0.00000
     -17.40013       0.00000
     -17.34013       0.00000
     -17.28013       0.00000
     -17.22013       0.00000
     -17.16013       0.00000
     -17.10013       0.00000
     -17.04013       0.00000
     -16.98013       0.00000
     -16.92013       0.00000
     -16.86013       0.00000
     -16.79913       0.00000
     -16.73913       0.00000
     -16.67913       0.00000
     -16.61913       0.00000
     -16.55913       0.00000
     -16.49913       0.00000
     -16.43913       0.00000
     -16.37913       0.00000
     -16.31913       0.00000
     -16.25913       0.00001
     -16.19913       0.00022
     -16.13913       0.00222
     -16.07913       0.01304
     -16.01913       0.04572
     -15.95913       0.10135
     -15.89913       0.14917
     -15.83913       0.14989
     -15.77813       0.10777
     -15.71813       0.07114
     -15.65813       0.06417
     -15.59813       0.08060
     -15.53813       0.13003
     -15.47813       0.18274
     -15.41813       0.16687
     -15.35813       0.09675
     -15.29813       0.04016
     -15.23813       0.03135
     -15.17813       0.08455
     -15.11813       0.18309
     -15.05813       0.25805
     -14.99813       0.26149
     -14.93813       0.20845
     -14.87813       0.14165
     -14.81713       0.11881
     -14.75713       0.16451
     -14.69713       0.21438
     -14.63713       0.19073
     -14.57713       0.12832
     -14.51713       0.10934
     -14.45713       0.12050
     -14.39713       0.09344
     -14.33713       0.05146
     -14.27713       0.05160
     -14.21713       0.06869
     -14.15713       0.05345
     -14.09713       0.02137
     -14.03713       0.00434
     -13.97713       0.00044
     -13.91713       0.00002
     -13.85713       0.00000
     -13.79613       0.00000
     -13.73613       0.00000
     -13.67613       0.00000
     -13.61613       0.00000
     -13.55613       0.00000
     -13.49613       0.00000
     -13.43613       0.00000
     -13.37613       0.00000
     -13.31613       0.00000
     -13.25613       0.00000
     -13.19613       0.00000
     -13.13613       0.00000
     -13.07613       0.00000
     -13.01613       0.00000
     -12.95613       0.00000
     -12.89613       0.00008
     -12.83613       0.00092
     -12.77513       0.00610
     -12.71513       0.02388
     -12.65513       0.05899
     -12.59513       0.10028
     -12.53513       0.12725
     -12.47513       0.12601
     -12.41513       0.09945
     -12.35513       0.06422
     -12.29513       0.03488
     -12.23513       0.02047
     -12.17513       0.03168
     -12.11513       0.07515
     -12.05513       0.13424
     -11.99513       0.16937
     -11.93513       0.16621
     -11.87513       0.16487
     -11.81413       0.18551
     -11.75413       0.20129
     -11.69413       0.21067
     -11.63413       0.21869
     -11.57413       0.22927
     -11.51413       0.26491
     -11.45413       0.30411
     -11.39413       0.30446
     -11.33413       0.27246
     -11.27413       0.24726
     -11.21413       0.25027
     -11.15413       0.26749
     -11.09413       0.27576
     -11.03413       0.26498
     -10.97413       0.25543
     -10.91413       0.26942
     -10.85413       0.28402
     -10.79313       0.27485
     -10.73313       0.24991
     -10.67313       0.22026
     -10.61313       0.19150
     -10.55313       0.17067
     -10.49313       0.15566
     -10.43313       0.13304
     -10.37313       0.10197
     -10.31313       0.07910
     -10.25313       0.07196
     -10.19313       0.07457
     -10.13313       0.07771
     -10.07313       0.07194
     -10.01313       0.05473
      -9.95313       0.03328
      -9.89313       0.01591
      -9.83313       0.00565
      -9.77213       0.00136
      -9.71213       0.00020
      -9.65213       0.00002
      -9.59213       0.00000
      -9.53213       0.00000
      -9.47213       0.00000
      -9.41213       0.00000
      -9.35213       0.00000
      -9.29213       0.00000
      -9.23213       0.00000
      -9.17213       0.00000
      -9.11213       0.00000
      -9.05213       0.00000
      -8.99213       0.00000
      -8.93213       0.00000
      -8.87213       0.00000
      -8.81113       0.00000
      -8.75113       0.00000
      -8.69113       0.00000
      -8.63113       0.00000
      -8.57113       0.00000
      -8.51113       0.00000
      -8.45113       0.00000
      -8.39113       0.00000
      -8.33113       0.00000
      -8.27113       0.00000
      -8.21113       0.00000
      -8.15113       0.00000
      -8.09113       0.00000
      -8.03113       0.00003
      -7.97113       0.00033
      -7.91113       0.00202
      -7.85113       0.00810
      -7.79013       0.02396
      -7.73013       0.05234
      -7.67013       0.08385
      -7.61013       0.10634
      -7.55013       0.12710
      -7.49013       0.16421
      -7.43013       0.20873
      -7.37013       0.23119
      -7.31013       0.23429
      -7.25013       0.24570
      -7.19013       0.27291
      -7.13013       0.29734
      -7.07013       0.30807
      -7.01013       0.32125
      -6.95013       0.35104
      -6.89013       0.40424
      -6.83013       0.48655
      -6.76913       0.56091
      -6.70913       0.59911
      -6.64913       0.64178
      -6.58913       0.70609
      -6.52913       0.75159
      -6.46913       0.75551
      -6.40913       0.72216
      -6.34913       0.67608
      -6.28913       0.64700
      -6.22913       0.62332
      -6.16913       0.59069
      -6.10913       0.56841
      -6.04913       0.56443
      -5.98913       0.56612
      -5.92913       0.56819
      -5.86913       0.57745
      -5.80813       0.59104
      -5.74813       0.58484
      -5.68813       0.54886
      -5.62813       0.49756
      -5.56813       0.44329
      -5.50813       0.39730
      -5.44813       0.36288
      -5.38813       0.33218
      -5.32813       0.30475
      -5.26813       0.28183
      -5.20813       0.26245
      -5.14813       0.24844
      -5.08813       0.23806
      -5.02813       0.22439
      -4.96813       0.20464
      -4.90813       0.18544
      -4.84813       0.17372
      -4.78713       0.16908
      -4.72713       0.16654
      -4.66713       0.16064
      -4.60713       0.15131
      -4.54713       0.14453
      -4.48713       0.14237
      -4.42713       0.13996
      -4.36713       0.13541
      -4.30713       0.13372
      -4.24713       0.13734
      -4.18713       0.14083
      -4.12713       0.13858
      -4.06713       0.13267
      -4.00713       0.12869
      -3.94713       0.12666
      -3.88713       0.12161
      -3.82713       0.11134
      -3.76613       0.09855
      -3.70613       0.08779
      -3.64613       0.08150
      -3.58613       0.07830
      -3.52613       0.07525
      -3.46613       0.06970
      -3.40613       0.06207
      -3.34613       0.05466
      -3.28613       0.04954
      -3.22613       0.04737
      -3.16613       0.04661
      -3.10613       0.04653
      -3.04613       0.04818
      -2.98613       0.05105
      -2.92613       0.05212
      -2.86613       0.04917
      -2.80513       0.04312
      -2.74513       0.03760
      -2.68513       0.03521
      -2.62513       0.03440
      -2.56513       0.03216
      -2.50513       0.02869
      -2.44513       0.02561
      -2.38513       0.02252
      -2.32513       0.01915
      -2.26513       0.01667
      -2.20513       0.01528
      -2.14513       0.01358
      -2.08513       0.01104
      -2.02513       0.00853
      -1.96513       0.00724
      -1.90513       0.00806
      -1.84513       0.01049
      -1.78413       0.01205
      -1.72413       0.01138
      -1.66413       0.01080
      -1.60413       0.01215
      -1.54413       0.01469
      -1.48413       0.01739
      -1.42413       0.01985
      -1.36413       0.02295
      -1.30413       0.02635
      -1.24413       0.02769
      -1.18413       0.02749
      -1.12413       0.02837
      -1.06413       0.03026
      -1.00413       0.03087
      -0.94413       0.03038
      -0.88413       0.03051
      -0.82413       0.03194
      -0.76313       0.03411
      -0.70313       0.03668
      -0.64313       0.03895
      -0.58313       0.03962
      -0.52313       0.03907
      -0.46313       0.03801
      -0.40313       0.03725
      -0.34313       0.03748
      -0.28313       0.03830
      -0.22313       0.03911
      -0.16313       0.03964
      -0.10313       0.03972
      -0.04313       0.03911
       0.01687       0.03871
       0.07687       0.04019
       0.13687       0.04373
       0.19787       0.04802
       0.25787       0.05175
       0.31787       0.05460
       0.37787       0.05881
       0.43787       0.06629
       0.49787       0.07424
       0.55787       0.07941
       0.61787       0.08290
       0.67787       0.08537
       0.73787       0.08647
       0.79787       0.08830
       0.85787       0.09295
       0.91787       0.09880
       0.97787       0.10310
       1.03787       0.10473
       1.09787       0.10391
       1.15787       0.10188
       1.21887       0.10037
       1.27887       0.10009
       1.33887       0.09961
       1.39887       0.09709
       1.45887       0.09384
       1.51887       0.09127
       1.57887       0.08905
       1.63887       0.08745
       1.69887       0.08694
       1.75887       0.08767
       1.81887       0.08832
       1.87887       0.08704
       1.93887       0.08511
       1.99887       0.08404
       2.05887       0.08421
       2.11887       0.08557
       2.17887       0.08732
       2.23987       0.09013
       2.29987       0.09448
       2.35987       0.09778
       2.41987       0.09982
       2.47987       0.10292
       2.53987       0.10657
       2.59987       0.10953
       2.65987       0.11162
       2.71987       0.11268
       2.77987       0.11176
       2.83987       0.11036
       2.89987       0.11188
       2.95987       0.11201
       3.01987       0.10383
       3.07987       0.08955
       3.13987       0.07380
       3.20087       0.05765
       3.26087       0.04374
       3.32087       0.03450
       3.38087       0.02903
       3.44087       0.02471
       3.50087       0.01929
       3.56087       0.01361
       3.62087       0.00922
       3.68087       0.00580
