      #Energy        tdos
     -58.31768       0.00000
     -58.25268       0.00000
     -58.18768       0.00000
     -58.12268       0.00000
     -58.05768       0.00000
     -57.99268       0.00000
     -57.92768       0.00000
     -57.86268       0.00000
     -57.79668       0.00000
     -57.73168       0.00000
     -57.66668       0.00000
     -57.60168       0.00000
     -57.53668       0.00000
     -57.47168       0.00000
     -57.40668       0.00000
     -57.34168       0.00000
     -57.27668       0.00000
     -57.21168       0.00000
     -57.14668       0.00000
     -57.08168       0.00000
     -57.01668       0.00000
     -56.95168       0.00000
     -56.88668       0.00000
     -56.82168       0.00000
     -56.75568       0.00000
     -56.69068       0.00000
     -56.62568       0.00000
     -56.56068       0.00000
     -56.49568       0.00000
     -56.43068       0.00000
     -56.36568       0.00000
     -56.30068       0.00000
     -56.23568       0.00000
     -56.17068       0.00000
     -56.10568       0.00000
     -56.04068       0.00000
     -55.97568       1.00005
     -55.91068       3.00015
     -55.84568       4.00020
     -55.77968       6.00030
     -55.71468       8.00040
     -55.64968       8.00040
     -55.58468       8.00040
     -55.51968      10.00050
     -55.45468      12.00060
     -55.38968      12.00060
     -55.32468      12.00060
     -55.25968      12.00060
     -55.19468      12.00060
     -55.12968      12.00060
     -55.06468      12.00060
     -54.99968      12.00060
     -54.93468      12.00060
     -54.86968      12.00060
     -54.80368      12.00060
     -54.73868      12.00060
     -54.67368      12.00060
     -54.60868      12.00060
     -54.54368      12.00060
     -54.47868      12.00060
     -54.41368      12.00060
     -54.34868      12.00060
     -54.28368      12.00060
     -54.21868      12.00060
     -54.15368      12.00060
     -54.08868      12.00060
     -54.02368      12.00060
     -53.95868      12.00060
     -53.89368      12.00060
     -53.82868      12.00060
     -53.76268      12.00060
     -53.69768      12.00060
     -53.63268      12.00060
     -53.56768      12.00060
     -53.50268      12.00060
     -53.43768      12.00060
     -53.37268      12.00060
     -53.30768      12.00060
     -53.24268      12.00060
     -53.17768      12.00060
     -53.11268      12.00060
     -53.04768      12.00060
     -52.98268      12.00060
     -52.91768      12.00060
     -52.85268      12.00060
     -52.78668      12.00060
     -52.72168      12.00060
     -52.65668      12.00060
     -52.59168      12.00060
     -52.52668      12.00060
     -52.46168      12.00060
     -52.39668      12.00060
     -52.33168      12.00060
     -52.26668      12.00060
     -52.20168      12.00060
     -52.13668      12.00060
     -52.07168      12.00060
     -52.00668      12.00060
     -51.94168      12.00060
     -51.87668      12.00060
     -51.81068      12.00060
     -51.74568      12.00060
     -51.68068      12.00060
     -51.61568      12.00060
     -51.55068      12.00060
     -51.48568      12.00060
     -51.42068      12.00060
     -51.35568      12.00060
     -51.29068      12.00060
     -51.22568      12.00060
     -51.16068      12.00060
     -51.09568      12.00060
     -51.03068      12.00060
     -50.96568      12.00060
     -50.90068      12.00060
     -50.83568      12.00060
     -50.76968      12.00060
     -50.70468      12.00060
     -50.63968      12.00060
     -50.57468      12.00060
     -50.50968      12.00060
     -50.44468      12.00060
     -50.37968      12.00060
     -50.31468      12.00060
     -50.24968      12.00060
     -50.18468      12.00060
     -50.11968      12.00060
     -50.05468      12.00060
     -49.98968      12.00060
     -49.92468      12.00060
     -49.85968      12.00060
     -49.79368      12.00060
     -49.72868      12.00060
     -49.66368      12.00060
     -49.59868      12.00060
     -49.53368      12.00060
     -49.46868      12.00060
     -49.40368      12.00060
     -49.33868      12.00060
     -49.27368      12.00060
     -49.20868      12.00060
     -49.14368      13.00065
     -49.07868      16.00080
     -49.01368      18.00090
     -48.94868      18.00090
     -48.88368      18.00090
     -48.81868      18.00090
     -48.75268      18.00090
     -48.68768      19.00095
     -48.62268      20.00100
     -48.55768      22.00110
     -48.49268      24.00120
     -48.42768      24.00120
     -48.36268      24.00120
     -48.29768      24.00120
     -48.23268      24.00120
     -48.16768      25.00125
     -48.10268      26.00130
     -48.03768      26.00130
     -47.97268      26.00130
     -47.90768      26.00130
     -47.84268      26.00130
     -47.77668      26.00130
     -47.71168      26.00130
     -47.64668      26.00130
     -47.58168      26.00130
     -47.51668      26.00130
     -47.45168      26.00130
     -47.38668      26.00130
     -47.32168      26.00130
     -47.25668      26.00130
     -47.19168      26.00130
     -47.12668      26.00130
     -47.06168      26.00130
     -46.99668      26.00130
     -46.93168      26.00130
     -46.86668      26.00130
     -46.80068      26.00130
     -46.73568      26.00130
     -46.67068      26.00130
     -46.60568      26.00130
     -46.54068      26.00130
     -46.47568      26.00130
     -46.41068      26.00130
     -46.34568      26.00130
     -46.28068      26.00130
     -46.21568      26.00130
     -46.15068      26.00130
     -46.08568      26.00130
     -46.02068      26.00130
     -45.95568      26.00130
     -45.89068      26.00130
     -45.82568      26.00130
     -45.75968      26.00130
     -45.69468      26.00130
     -45.62968      26.00130
     -45.56468      26.00130
     -45.49968      26.00130
     -45.43468      26.00130
     -45.36968      26.00130
     -45.30468      26.00130
     -45.23968      26.00130
     -45.17468      26.00130
     -45.10968      26.00130
     -45.04468      26.00130
     -44.97968      26.00130
     -44.91468      26.00130
     -44.84968      26.00130
     -44.78368      26.00130
     -44.71868      26.00130
     -44.65368      26.00130
     -44.58868      26.00130
     -44.52368      26.00130
     -44.45868      26.00130
     -44.39368      26.00130
     -44.32868      26.00130
     -44.26368      26.00130
     -44.19868      26.00130
     -44.13368      26.00130
     -44.06868      26.00130
     -44.00368      26.00130
     -43.93868      26.00130
     -43.87368      26.00130
     -43.80768      26.00130
     -43.74268      27.00135
     -43.67768      28.00140
     -43.61268      28.00140
     -43.54768      31.00155
     -43.48268      39.00195
     -43.41768      51.00320
     -43.35268      58.00420
     -43.28768      59.00425
     -43.22268      60.00430
     -43.15768      61.00435
     -43.09268      62.00440
     -43.02768      62.00440
     -42.96268      62.00440
     -42.89768      62.00440
     -42.83268      62.00440
     -42.76668      62.00440
     -42.70168      62.00440
     -42.63668      62.00440
     -42.57168      62.00440
     -42.50668      62.00440
     -42.44168      62.00440
     -42.37668      62.00440
     -42.31168      62.00440
     -42.24668      62.00440
     -42.18168      62.00440
     -42.11668      62.00440
     -42.05168      62.00440
     -41.98668      62.00440
     -41.92168      62.00440
     -41.85668      62.00440
     -41.79068      62.00440
     -41.72568      62.00440
     -41.66068      62.00440
     -41.59568      62.00440
     -41.53068      62.00440
     -41.46568      62.00440
     -41.40068      62.00440
     -41.33568      62.00440
     -41.27068      62.00440
     -41.20568      62.00440
     -41.14068      62.00440
     -41.07568      62.00440
     -41.01068      62.00440
     -40.94568      62.00440
     -40.88068      62.00440
     -40.81468      62.00440
     -40.74968      62.00440
     -40.68468      62.00440
     -40.61968      62.00440
     -40.55468      62.00440
     -40.48968      62.00440
     -40.42468      62.00440
     -40.35968      62.00440
     -40.29468      62.00440
     -40.22968      62.00440
     -40.16468      62.00440
     -40.09968      62.00440
     -40.03468      62.00440
     -39.96968      62.00440
     -39.90468      62.00440
     -39.83968      62.00440
     -39.77368      62.00440
     -39.70868      62.00440
     -39.64368      62.00440
     -39.57868      62.00440
     -39.51368      62.00440
     -39.44868      62.00440
     -39.38368      62.00440
     -39.31868      62.00440
     -39.25368      62.00440
     -39.18868      62.00440
     -39.12368      62.00440
     -39.05868      62.00440
     -38.99368      62.00440
     -38.92868      62.00440
     -38.86368      62.00440
     -38.79768      62.00440
     -38.73268      62.00440
     -38.66768      62.00440
     -38.60268      62.00440
     -38.53768      62.00440
     -38.47268      62.00440
     -38.40768      62.00440
     -38.34268      62.00440
     -38.27768      62.00440
     -38.21268      62.00440
     -38.14768      62.00440
     -38.08268      62.00440
     -38.01768      62.00440
     -37.95268      62.00440
     -37.88768      62.00440
     -37.82268      62.00440
     -37.75668      62.00440
     -37.69168      62.00440
     -37.62668      62.00440
     -37.56168      62.00440
     -37.49668      62.00440
     -37.43168      62.00440
     -37.36668      62.00440
     -37.30168      62.00440
     -37.23668      62.00440
     -37.17168      62.00440
     -37.10668      62.00440
     -37.04168      62.00440
     -36.97668      62.00440
     -36.91168      62.00440
     -36.84668      62.00440
     -36.78068      62.00440
     -36.71568      62.00440
     -36.65068      62.00440
     -36.58568      62.00440
     -36.52068      62.00440
     -36.45568      62.00440
     -36.39068      62.00440
     -36.32568      62.00440
     -36.26068      62.00440
     -36.19568      62.00440
     -36.13068      62.00440
     -36.06568      62.00440
     -36.00068      62.00440
     -35.93568      62.00440
     -35.87068      62.00440
     -35.80468      62.00440
     -35.73968      62.00440
     -35.67468      62.00440
     -35.60968      62.00440
     -35.54468      62.00440
     -35.47968      62.00440
     -35.41468      63.00445
     -35.34968      66.00460
     -35.28468      69.00475
     -35.21968      72.00490
     -35.15468      77.00516
     -35.08968      84.00681
     -35.02468      90.00841
     -34.95968      95.00866
     -34.89468      98.00881
     -34.82968      98.00881
     -34.76368      98.00881
     -34.69868      98.00881
     -34.63368      98.00881
     -34.56868      98.00881
     -34.50368      98.00881
     -34.43868      98.00881
     -34.37368      98.00881
     -34.30868      98.00881
     -34.24368      98.00881
     -34.17868      98.00881
     -34.11368      98.00881
     -34.04868      98.00881
     -33.98368      98.00881
     -33.91868      98.00881
     -33.85368      98.00881
     -33.78768      98.00881
     -33.72268      98.00881
     -33.65768      98.00881
     -33.59268      98.00881
     -33.52768      98.00881
     -33.46268      98.00881
     -33.39768      98.00881
     -33.33268      98.00881
     -33.26768      98.00881
     -33.20268      98.00881
     -33.13768      98.00881
     -33.07268      98.00881
     -33.00768      98.00881
     -32.94268      98.00881
     -32.87768      98.00881
     -32.81168      98.00881
     -32.74668      98.00881
     -32.68168      98.00881
     -32.61668      98.00881
     -32.55168      98.00881
     -32.48668      98.00881
     -32.42168      98.00881
     -32.35668      98.00881
     -32.29168      99.69172
     -32.22668     101.39006
     -32.16168     102.38244
     -32.09668     104.35945
     -32.03168     111.77166
     -31.96668     122.76765
     -31.90168     131.18707
     -31.83668     139.03717
     -31.77068     143.34386
     -31.70568     155.93333
     -31.64068     169.88751
     -31.57568     173.64665
     -31.51068     175.74890
     -31.44568     175.74890
     -31.38068     175.74890
     -31.31568     175.74890
     -31.25068     175.74890
     -31.18568     175.74890
     -31.12068     175.74890
     -31.05568     175.74890
     -30.99068     176.74895
     -30.92568     193.19870
     -30.86068     209.14517
     -30.79468     209.64194
     -30.72968     210.64199
     -30.66468     216.64229
     -30.59968     223.64264
     -30.53468     229.82968
     -30.46968     238.01812
     -30.40468     243.01967
     -30.33968     245.01977
     -30.27468     246.01982
     -30.20968     246.01982
     -30.14468     246.01982
     -30.07968     246.01982
     -30.01468     246.01982
     -29.94968     246.01982
     -29.88468     246.01982
     -29.81968     246.01982
     -29.75368     246.01982
     -29.68868     246.01982
     -29.62368     246.01982
     -29.55868     246.01982
     -29.49368     246.01982
     -29.42868     246.01982
     -29.36368     246.01982
     -29.29868     246.01982
     -29.23368     246.01982
     -29.16868     246.01982
     -29.10368     246.01982
     -29.03868     246.01982
     -28.97368     246.01982
     -28.90868     246.01982
     -28.84368     246.01982
     -28.77768     246.01982
     -28.71268     246.01982
     -28.64768     246.01982
     -28.58268     246.01982
     -28.51768     246.01982
     -28.45268     246.01982
     -28.38768     246.01982
     -28.32268     246.01982
     -28.25768     246.01982
     -28.19268     246.01982
     -28.12768     246.01982
     -28.06268     246.01982
     -27.99768     246.01982
     -27.93268     246.01982
     -27.86768     246.01982
     -27.80168     246.01982
     -27.73668     246.01982
     -27.67168     247.01987
     -27.60668     248.01992
     -27.54168     248.01992
     -27.47668     250.02002
     -27.41168     254.34359
     -27.34668     258.93393
     -27.28168     262.55188
     -27.21668     267.62793
     -27.15168     271.53932
     -27.08668     271.72573
     -27.02168     277.29530
     -26.95668     292.59209
     -26.89168     310.83959
     -26.82668     319.82280
     -26.76068     320.28574
     -26.69568     320.28574
     -26.63068     320.28574
     -26.56568     323.48076
     -26.50068     328.40098
     -26.43568     330.12618
     -26.37068     330.12618
     -26.30568     330.12618
     -26.24068     330.12618
     -26.17568     330.12618
     -26.11068     330.12618
     -26.04568     330.12618
     -25.98068     330.12618
     -25.91568     330.12618
     -25.85068     330.12618
     -25.78468     330.12618
     -25.71968     330.12618
     -25.65468     330.12618
     -25.58968     330.12618
     -25.52468     330.12618
     -25.45968     330.12618
     -25.39468     330.12618
     -25.32968     330.12618
     -25.26468     330.12618
     -25.19968     330.12618
     -25.13468     330.12618
     -25.06968     330.12618
     -25.00468     330.12618
     -24.93968     330.12618
     -24.87468     330.12618
     -24.80868     330.12618
     -24.74368     330.12618
     -24.67868     330.12618
     -24.61368     330.12618
     -24.54868     330.12618
     -24.48368     330.12618
     -24.41868     330.12618
     -24.35368     330.12618
     -24.28868     330.12618
     -24.22368     330.12618
     -24.15868     330.12618
     -24.09368     330.12618
     -24.02868     330.12618
     -23.96368     330.12618
     -23.89868     330.12618
     -23.83368     330.12618
     -23.76768     330.12618
     -23.70268     330.12618
     -23.63768     330.12618
     -23.57268     330.12618
     -23.50768     330.12618
     -23.44268     330.12618
     -23.37768     330.12618
     -23.31268     330.12618
     -23.24768     330.12618
     -23.18268     330.12618
     -23.11768     330.12618
     -23.05268     330.12618
     -22.98768     330.12618
     -22.92268     330.12618
     -22.85768     330.12618
     -22.79168     330.12618
     -22.72668     330.12618
     -22.66168     330.12618
     -22.59668     330.12618
     -22.53168     330.12618
     -22.46668     330.12618
     -22.40168     330.12618
     -22.33668     330.12618
     -22.27168     330.12618
     -22.20668     330.12618
     -22.14168     330.12618
     -22.07668     330.12618
     -22.01168     330.12618
     -21.94668     330.12618
     -21.88168     330.12618
     -21.81568     330.12618
     -21.75068     330.12618
     -21.68568     330.12618
     -21.62068     330.12618
     -21.55568     330.12618
     -21.49068     330.12618
     -21.42568     330.12618
     -21.36068     330.12618
     -21.29568     330.12618
     -21.23068     330.12618
     -21.16568     330.12618
     -21.10068     330.12618
     -21.03568     330.12618
     -20.97068     330.12618
     -20.90568     330.12618
     -20.84068     330.12618
     -20.77468     330.12618
     -20.70968     330.12618
     -20.64468     330.12618
     -20.57968     330.12618
     -20.51468     330.12618
     -20.44968     330.12618
     -20.38468     330.12618
     -20.31968     330.12618
     -20.25468     330.12618
     -20.18968     330.12618
     -20.12468     330.12618
     -20.05968     330.12618
     -19.99468     330.12618
     -19.92968     330.12618
     -19.86468     330.12618
     -19.79868     330.12618
     -19.73368     330.12618
     -19.66868     330.12618
     -19.60368     330.12618
     -19.53868     330.12618
     -19.47368     330.12618
     -19.40868     330.12618
     -19.34368     330.12618
     -19.27868     330.12618
     -19.21368     330.12618
     -19.14868     330.12618
     -19.08368     330.12618
     -19.01868     330.12618
     -18.95368     330.12618
     -18.88868     330.12618
     -18.82368     330.12618
     -18.75768     330.12618
     -18.69268     330.12618
     -18.62768     330.12618
     -18.56268     330.12618
     -18.49768     330.12618
     -18.43268     330.12618
     -18.36768     330.12618
     -18.30268     330.12618
     -18.23768     330.12618
     -18.17268     330.12618
     -18.10768     330.12618
     -18.04268     330.12618
     -17.97768     330.12618
     -17.91268     330.12618
     -17.84768     330.12618
     -17.78168     330.12618
     -17.71668     330.12618
     -17.65168     330.12618
     -17.58668     330.12618
     -17.52168     330.12618
     -17.45668     330.12618
     -17.39168     330.12618
     -17.32668     330.12618
     -17.26168     330.12618
     -17.19668     330.12618
     -17.13168     330.12618
     -17.06668     330.12618
     -17.00168     330.12618
     -16.93668     330.12618
     -16.87168     330.12618
     -16.80568     330.12618
     -16.74068     330.12618
     -16.67568     330.12618
     -16.61068     330.12618
     -16.54568     330.12618
     -16.48068     330.12618
     -16.41568     330.12618
     -16.35068     330.12618
     -16.28568     330.12618
     -16.22068     330.12618
     -16.15568     330.12618
     -16.09068     330.12618
     -16.02568     330.13392
     -15.96068     330.45146
     -15.89568     331.26455
     -15.83068     332.09803
     -15.76468     332.44058
     -15.69968     333.25746
     -15.63468     334.59975
     -15.56968     335.32695
     -15.50468     336.27049
     -15.43968     337.76536
     -15.37468     339.50618
     -15.30968     340.50623
     -15.24468     340.50623
     -15.17968     340.50623
     -15.11468     341.28636
     -15.04968     342.52520
     -14.98468     344.10465
     -14.91968     346.16461
     -14.85468     347.83809
     -14.78868     349.16314
     -14.72368     350.91957
     -14.65868     353.08526
     -14.59368     358.73746
     -14.52868     363.44671
     -14.46368     364.50385
     -14.39868     365.50390
     -14.33368     365.50390
     -14.26868     365.50390
     -14.20368     366.50395
     -14.13868     367.50400
     -14.07368     367.50400
     -14.00868     367.50400
     -13.94368     367.50400
     -13.87868     367.50400
     -13.81268     367.50400
     -13.74768     367.50400
     -13.68268     367.50400
     -13.61768     367.50400
     -13.55268     367.50400
     -13.48768     367.50400
     -13.42268     367.50400
     -13.35768     367.50400
     -13.29268     367.50400
     -13.22768     367.50400
     -13.16268     367.50400
     -13.09768     367.50400
     -13.03268     367.50400
     -12.96768     367.50400
     -12.90268     367.50400
     -12.83768     367.50400
     -12.77168     367.50400
     -12.70668     367.50871
     -12.64168     367.68303
     -12.57668     368.12746
     -12.51168     368.70888
     -12.44668     369.17400
     -12.38168     369.42831
     -12.31668     369.54525
     -12.25168     369.56639
     -12.18668     369.56639
     -12.12168     369.65354
     -12.05668     370.12718
     -11.99168     371.15066
     -11.92668     371.91667
     -11.86168     372.46439
     -11.79568     373.52625
     -11.73068     374.29363
     -11.66568     375.54736
     -11.60068     376.80904
     -11.53568     377.41161
     -11.47068     378.65045
     -11.40568     380.36068
     -11.34068     382.77102
     -11.27568     384.91849
     -11.21068     386.43190
     -11.14568     388.36531
     -11.08068     390.56126
     -11.01568     392.44847
     -10.95068     394.26248
     -10.88568     396.51146
     -10.82068     398.74156
     -10.75468     400.48238
     -10.68968     401.94211
     -10.62468     403.29091
     -10.55968     404.61141
     -10.49468     406.22632
     -10.42968     407.77552
     -10.36468     408.77590
     -10.29968     409.45453
     -10.23468     410.07661
     -10.16968     410.72050
     -10.10468     411.34089
     -10.03968     411.81788
      -9.97468     412.08917
      -9.90968     412.18174
      -9.84468     412.18950
      -9.77868     412.18950
      -9.71368     412.18950
      -9.64868     412.18950
      -9.58368     412.18950
      -9.51868     412.18950
      -9.45368     412.18950
      -9.38868     412.18950
      -9.32368     412.18950
      -9.25868     412.18950
      -9.19368     412.18950
      -9.12868     412.18950
      -9.06368     412.18950
      -8.99868     412.18950
      -8.93368     412.18950
      -8.86868     412.18950
      -8.80268     412.18950
      -8.73768     412.18950
      -8.67268     412.18950
      -8.60768     412.18950
      -8.54268     412.18950
      -8.47768     412.18950
      -8.41268     412.18950
      -8.34768     412.18950
      -8.28268     412.18950
      -8.21768     412.18950
      -8.15268     412.18950
      -8.08768     412.18950
      -8.02268     412.18950
      -7.95768     412.18950
      -7.89268     412.18950
      -7.82768     412.18955
      -7.76168     412.19918
      -7.69668     412.25228
      -7.63168     412.35941
      -7.56668     412.51026
      -7.50168     412.72485
      -7.43668     413.01969
      -7.37168     413.39411
      -7.30668     413.85509
      -7.24168     414.41052
      -7.17668     415.04468
      -7.11168     415.74868
      -7.04668     416.53630
      -6.98168     417.35351
      -6.91668     418.20359
      -6.85168     419.19290
      -6.78568     420.48965
      -6.72068     421.88172
      -6.65568     423.22986
      -6.59068     424.65446
      -6.52568     426.20854
      -6.46068     427.93147
      -6.39568     429.72954
      -6.33068     431.54973
      -6.26568     433.54593
      -6.20068     435.57661
      -6.13568     437.59786
      -6.07068     439.60707
      -6.00568     441.32055
      -5.94068     442.96247
      -5.87568     444.78332
      -5.80968     446.89012
      -5.74468     449.15179
      -5.67968     451.33797
      -5.61468     453.57719
      -5.54968     456.02754
      -5.48468     458.31587
      -5.41968     460.63837
      -5.35468     463.24683
      -5.28968     466.55441
      -5.22468     470.49703
      -5.15968     474.30431
      -5.09468     478.58006
      -5.02968     483.24198
      -4.96468     487.61890
      -4.89968     491.62886
      -4.83468     495.84475
      -4.76868     500.62671
      -4.70368     505.83484
      -4.63868     511.09308
      -4.57368     516.19288
      -4.50868     521.88900
      -4.44368     528.36427
      -4.37868     535.09525
      -4.31368     541.52596
      -4.24868     548.09330
      -4.18368     554.93815
      -4.11868     561.25564
      -4.05368     566.82131
      -3.98868     572.21260
      -3.92368     578.01965
      -3.85868     584.06940
      -3.79268     589.78667
      -3.72768     594.60116
      -3.66268     598.95694
      -3.59768     603.58567
      -3.53268     608.31492
      -3.46768     612.84606
      -3.40268     616.71645
      -3.33768     619.69773
      -3.27268     622.28960
      -3.20768     624.79200
      -3.14268     627.14606
      -3.07768     629.36250
      -3.01268     631.49761
      -2.94768     633.58587
      -2.88268     635.62729
      -2.81668     637.50702
      -2.75168     639.21562
      -2.68668     640.80224
      -2.62168     642.28995
      -2.55668     643.67161
      -2.49168     644.94786
      -2.42668     646.15189
      -2.36168     647.26515
      -2.29668     648.26422
      -2.23168     649.18132
      -2.16668     650.04701
      -2.10168     650.85609
      -2.03668     651.53472
      -1.97168     652.03949
      -1.90668     652.42822
      -1.84168     652.97194
      -1.77568     653.80185
      -1.71068     654.57674
      -1.64568     655.28591
      -1.58068     656.07092
      -1.51568     656.95874
      -1.45068     657.96172
      -1.38568     659.00373
      -1.32068     660.13619
      -1.25568     661.39552
      -1.19068     662.68511
      -1.12568     663.97666
      -1.06068     665.29943
      -0.99568     666.56462
      -0.93068     667.76344
      -0.86568     669.00033
      -0.79968     670.27430
      -0.73468     671.67776
      -0.66968     673.27185
      -0.60468     674.95281
      -0.53968     676.74014
      -0.47468     678.51935
      -0.40968     680.48366
      -0.34468     682.72288
      -0.27968     684.79943
      -0.21468     686.74487
      -0.14968     688.75473
      -0.08468     690.78184
      -0.01968     692.58381
       0.04532     694.06600
       0.11032     695.55013
       0.17532     697.23109
       0.24132     699.14009
       0.30632     701.14215
       0.37132     703.09768
       0.43632     705.18464
       0.50132     707.47460
       0.56632     709.81467
       0.63132     712.12285
       0.69632     714.50456
       0.76132     717.02713
       0.82632     719.58549
       0.89132     722.17866
       0.95632     724.77020
       1.02132     727.28822
       1.08632     729.89863
       1.15132     732.60989
       1.21732     735.41745
       1.28232     738.34472
       1.34732     741.23654
       1.41232     744.01807
       1.47732     746.71892
       1.54232     749.31177
       1.60732     751.78294
       1.67232     754.17766
       1.73732     756.60751
       1.80232     759.27420
       1.86732     761.97017
       1.93232     764.65053
       1.99732     767.57293
       2.06232     770.60789
       2.12732     773.55306
       2.19332     776.46602
       2.25832     779.41867
       2.32332     782.34693
       2.38832     785.25403
       2.45332     788.40448
       2.51832     791.60601
       2.58332     794.86219
       2.64832     798.13789
       2.71332     801.46955
       2.77832     804.71987
       2.84332     807.70311
       2.90832     810.83436
       2.97332     814.10714
       3.03832     817.75045
       3.10332     821.20736
       3.16832     824.17173
       3.23432     827.04825
       3.29932     829.82588
       3.36432     832.58952
       3.42932     835.23799
       3.49432     837.80383
       3.55932     840.44417
       3.62432     843.01977
       3.68932     845.42686
       3.75432     847.71780
       3.81932     849.92220
       3.88432     852.13409
       3.94932     854.35346
       4.01432     856.45246
       4.07932     858.46817
       4.14432     860.33456
       4.21032     862.00836
       4.27532     863.49477
       4.34032     864.76061
       4.40532     865.73594
       4.47032     866.52128
       4.53532     867.26041
       4.60032     867.86116
       4.66532     868.25380
       4.73032     868.44330
       4.79532     868.54089
       4.86032     868.59703
       4.92532     868.62245
       4.99032     868.63217
       5.05532     868.63525
       5.12032     868.63589
       5.18632     868.63589
       5.25132     868.63589
       5.31632     868.63589
       5.38132     868.63589
       5.44632     868.63589
       5.51132     868.63589
       5.57632     868.63589
       5.64132     868.63589
       5.70632     868.63589
       5.77132     868.63589
       5.83632     868.63589
       5.90132     868.63589
       5.96632     868.63589
       6.03132     868.63589
       6.09632     868.63589
       6.16132     868.63589
       6.22732     868.63589
       6.29232     868.63589
       6.35732     868.63589
       6.42232     868.63589
       6.48732     868.63589
       6.55232     868.63589
       6.61732     868.63589
       6.68232     868.63589
