      #Energy        tdos
     -65.62253       0.00000
     -65.55353       0.00000
     -65.48453       0.00000
     -65.41553       0.00000
     -65.34653       0.00001
     -65.27753       0.00047
     -65.20853       0.01194
     -65.13953       0.14235
     -65.06953       0.86264
     -65.00053       2.92366
     -64.93153       6.18406
     -64.86253       9.36780
     -64.79353      11.71373
     -64.72453      13.18560
     -64.65553      13.83094
     -64.58653      13.98267
     -64.51753      13.99919
     -64.44853      13.99997
     -64.37953      13.99998
     -64.31053      13.99998
     -64.24153      13.99998
     -64.17253      13.99998
     -64.10253      13.99998
     -64.03353      13.99998
     -63.96453      13.99998
     -63.89553      13.99998
     -63.82653      13.99998
     -63.75753      13.99998
     -63.68853      13.99998
     -63.61953      13.99998
     -63.55053      13.99998
     -63.48153      13.99998
     -63.41253      13.99998
     -63.34353      13.99998
     -63.27453      13.99998
     -63.20553      13.99998
     -63.13653      13.99998
     -63.06653      13.99998
     -62.99753      13.99998
     -62.92853      13.99998
     -62.85953      13.99998
     -62.79053      13.99998
     -62.72153      13.99998
     -62.65253      13.99998
     -62.58353      13.99998
     -62.51453      13.99998
     -62.44553      13.99998
     -62.37653      13.99998
     -62.30753      13.99998
     -62.23853      13.99998
     -62.16953      13.99998
     -62.09953      13.99998
     -62.03053      13.99998
     -61.96153      13.99998
     -61.89253      13.99998
     -61.82353      13.99998
     -61.75453      13.99998
     -61.68553      13.99998
     -61.61653      13.99998
     -61.54753      13.99998
     -61.47853      13.99998
     -61.40953      13.99998
     -61.34053      13.99998
     -61.27153      13.99998
     -61.20253      13.99998
     -61.13353      13.99998
     -61.06353      13.99998
     -60.99453      13.99998
     -60.92553      13.99998
     -60.85653      13.99998
     -60.78753      13.99998
     -60.71853      13.99998
     -60.64953      13.99998
     -60.58053      13.99998
     -60.51153      13.99998
     -60.44253      13.99998
     -60.37353      13.99998
     -60.30453      13.99998
     -60.23553      13.99998
     -60.16653      13.99998
     -60.09653      13.99998
     -60.02753      13.99998
     -59.95853      13.99998
     -59.88953      13.99998
     -59.82053      13.99998
     -59.75153      13.99998
     -59.68253      13.99998
     -59.61353      13.99998
     -59.54453      13.99998
     -59.47553      13.99998
     -59.40653      13.99998
     -59.33753      13.99998
     -59.26853      13.99998
     -59.19953      13.99998
     -59.13053      13.99998
     -59.06053      13.99998
     -58.99153      13.99998
     -58.92253      13.99998
     -58.85353      13.99998
     -58.78453      13.99998
     -58.71553      13.99998
     -58.64653      13.99998
     -58.57753      13.99998
     -58.50853      13.99998
     -58.43953      13.99998
     -58.37053      13.99998
     -58.30153      13.99998
     -58.23253      13.99998
     -58.16353      13.99998
     -58.09353      13.99998
     -58.02453      13.99998
     -57.95553      13.99998
     -57.88653      13.99998
     -57.81753      13.99998
     -57.74853      13.99998
     -57.67953      13.99998
     -57.61053      13.99998
     -57.54153      13.99998
     -57.47253      13.99998
     -57.40353      13.99998
     -57.33453      13.99998
     -57.26553      13.99998
     -57.19653      13.99998
     -57.12753      13.99998
     -57.05753      13.99998
     -56.98853      13.99998
     -56.91953      13.99998
     -56.85053      13.99998
     -56.78153      13.99998
     -56.71253      13.99998
     -56.64353      13.99998
     -56.57453      13.99998
     -56.50553      13.99998
     -56.43653      13.99998
     -56.36753      13.99998
     -56.29853      13.99998
     -56.22953      14.00007
     -56.16053      14.00285
     -56.09053      14.04479
     -56.02153      14.33981
     -55.95253      15.41857
     -55.88353      17.76795
     -55.81453      21.20069
     -55.74553      24.66864
     -55.67653      26.94102
     -55.60753      27.80925
     -55.53853      27.98255
     -55.46953      27.99902
     -55.40053      27.99972
     -55.33153      27.99973
     -55.26253      27.99973
     -55.19353      27.99973
     -55.12453      27.99973
     -55.05453      27.99973
     -54.98553      27.99973
     -54.91653      27.99973
     -54.84753      27.99973
     -54.77853      27.99973
     -54.70953      27.99973
     -54.64053      27.99973
     -54.57153      27.99973
     -54.50253      27.99973
     -54.43353      27.99973
     -54.36453      27.99973
     -54.29553      27.99973
     -54.22653      27.99973
     -54.15753      27.99973
     -54.08753      27.99973
     -54.01853      27.99973
     -53.94953      27.99973
     -53.88053      27.99973
     -53.81153      27.99973
     -53.74253      27.99973
     -53.67353      27.99973
     -53.60453      27.99973
     -53.53553      27.99973
     -53.46653      27.99973
     -53.39753      27.99973
     -53.32853      27.99973
     -53.25953      27.99973
     -53.19053      27.99973
     -53.12053      27.99973
     -53.05153      27.99973
     -52.98253      27.99973
     -52.91353      27.99973
     -52.84453      27.99973
     -52.77553      27.99973
     -52.70653      27.99973
     -52.63753      27.99973
     -52.56853      27.99973
     -52.49953      27.99973
     -52.43053      27.99973
     -52.36153      27.99973
     -52.29253      27.99973
     -52.22353      27.99973
     -52.15453      27.99973
     -52.08453      27.99973
     -52.01553      27.99973
     -51.94653      27.99973
     -51.87753      27.99973
     -51.80853      27.99973
     -51.73953      27.99973
     -51.67053      27.99973
     -51.60153      27.99973
     -51.53253      27.99973
     -51.46353      27.99973
     -51.39453      27.99973
     -51.32553      27.99973
     -51.25653      27.99973
     -51.18753      27.99973
     -51.11753      27.99973
     -51.04853      27.99973
     -50.97953      27.99973
     -50.91053      27.99973
     -50.84153      27.99973
     -50.77253      27.99973
     -50.70353      27.99973
     -50.63453      27.99973
     -50.56553      27.99973
     -50.49653      27.99973
     -50.42753      27.99973
     -50.35853      27.99973
     -50.28953      27.99973
     -50.22053      27.99973
     -50.15153      27.99973
     -50.08153      27.99973
     -50.01253      27.99973
     -49.94353      27.99973
     -49.87453      27.99973
     -49.80553      27.99973
     -49.73653      27.99973
     -49.66753      27.99973
     -49.59853      27.99973
     -49.52953      27.99973
     -49.46053      27.99973
     -49.39153      27.99973
     -49.32253      27.99973
     -49.25353      27.99973
     -49.18453      27.99973
     -49.11453      27.99973
     -49.04553      27.99973
     -48.97653      27.99973
     -48.90753      27.99973
     -48.83853      27.99973
     -48.76953      27.99973
     -48.70053      27.99973
     -48.63153      27.99973
     -48.56253      27.99973
     -48.49353      27.99973
     -48.42453      27.99973
     -48.35553      27.99973
     -48.28653      27.99973
     -48.21753      27.99973
     -48.14853      27.99973
     -48.07853      27.99973
     -48.00953      27.99973
     -47.94053      27.99973
     -47.87153      27.99973
     -47.80253      27.99973
     -47.73353      27.99973
     -47.66453      27.99973
     -47.59553      27.99973
     -47.52653      27.99973
     -47.45753      27.99973
     -47.38853      27.99973
     -47.31953      27.99973
     -47.25053      27.99973
     -47.18153      27.99973
     -47.11153      27.99973
     -47.04253      27.99973
     -46.97353      27.99973
     -46.90453      27.99973
     -46.83553      27.99973
     -46.76653      27.99973
     -46.69753      27.99973
     -46.62853      27.99973
     -46.55953      27.99973
     -46.49053      27.99973
     -46.42153      27.99973
     -46.35253      27.99973
     -46.28353      27.99973
     -46.21453      27.99973
     -46.14553      27.99973
     -46.07553      27.99973
     -46.00653      27.99973
     -45.93753      27.99973
     -45.86853      27.99973
     -45.79953      27.99973
     -45.73053      27.99973
     -45.66153      27.99973
     -45.59253      27.99973
     -45.52353      27.99973
     -45.45453      27.99973
     -45.38553      27.99973
     -45.31653      27.99973
     -45.24753      27.99973
     -45.17853      27.99973
     -45.10853      27.99973
     -45.03953      27.99973
     -44.97053      27.99973
     -44.90153      27.99973
     -44.83253      27.99973
     -44.76353      27.99973
     -44.69453      27.99973
     -44.62553      27.99973
     -44.55653      27.99973
     -44.48753      27.99973
     -44.41853      27.99973
     -44.34953      27.99973
     -44.28053      27.99974
     -44.21153      27.99996
     -44.14253      28.00552
     -44.07253      28.06450
     -44.00353      28.33850
     -43.93453      28.93771
     -43.86553      29.64985
     -43.79653      30.49632
     -43.72753      32.51521
     -43.65853      37.19844
     -43.58953      44.60644
     -43.52053      52.57701
     -43.45153      58.76491
     -43.38253      62.30470
     -43.31353      63.66481
     -43.24453      63.96425
     -43.17553      63.99719
     -43.10553      63.99884
     -43.03653      63.99888
     -42.96753      63.99888
     -42.89853      63.99888
     -42.82953      63.99888
     -42.76053      63.99888
     -42.69153      63.99888
     -42.62253      63.99888
     -42.55353      63.99888
     -42.48453      63.99888
     -42.41553      63.99888
     -42.34653      63.99888
     -42.27753      63.99888
     -42.20853      63.99888
     -42.13953      63.99888
     -42.06953      63.99888
     -42.00053      63.99888
     -41.93153      63.99888
     -41.86253      63.99888
     -41.79353      63.99888
     -41.72453      63.99888
     -41.65553      63.99888
     -41.58653      63.99888
     -41.51753      63.99888
     -41.44853      63.99888
     -41.37953      63.99888
     -41.31053      63.99888
     -41.24153      63.99888
     -41.17253      63.99888
     -41.10253      63.99888
     -41.03353      63.99888
     -40.96453      63.99888
     -40.89553      63.99888
     -40.82653      63.99888
     -40.75753      63.99888
     -40.68853      63.99888
     -40.61953      63.99888
     -40.55053      63.99888
     -40.48153      63.99888
     -40.41253      63.99888
     -40.34353      63.99888
     -40.27453      63.99888
     -40.20553      63.99888
     -40.13653      63.99888
     -40.06653      63.99892
     -39.99753      64.00041
     -39.92853      64.02354
     -39.85953      64.17905
     -39.79053      64.67583
     -39.72153      65.59583
     -39.65253      66.90676
     -39.58353      68.57133
     -39.51453      70.71938
     -39.44553      74.20564
     -39.37653      79.64241
     -39.30753      86.01472
     -39.23853      91.80167
     -39.16953      96.38441
     -39.09953     100.01502
     -39.03053     103.89532
     -38.96153     110.01035
     -38.89253     118.78558
     -38.82353     127.77837
     -38.75453     134.46080
     -38.68553     138.31209
     -38.61653     140.21253
     -38.54753     141.23164
     -38.47853     141.78116
     -38.40953     141.96952
     -38.34053     142.00081
     -38.27153     142.00307
     -38.20253     142.00314
     -38.13353     142.00314
     -38.06353     142.00314
     -37.99453     142.00314
     -37.92553     142.00314
     -37.85653     142.00314
     -37.78753     142.00314
     -37.71853     142.00314
     -37.64953     142.00314
     -37.58053     142.00314
     -37.51153     142.00314
     -37.44253     142.00314
     -37.37353     142.00314
     -37.30453     142.00314
     -37.23553     142.00314
     -37.16653     142.00314
     -37.09653     142.00314
     -37.02753     142.00314
     -36.95853     142.00314
     -36.88953     142.00314
     -36.82053     142.00314
     -36.75153     142.00314
     -36.68253     142.00314
     -36.61353     142.00314
     -36.54453     142.00314
     -36.47553     142.00314
     -36.40653     142.00314
     -36.33753     142.00314
     -36.26853     142.00314
     -36.19953     142.00314
     -36.13053     142.00314
     -36.06053     142.00314
     -35.99153     142.00314
     -35.92253     142.00314
     -35.85353     142.00314
     -35.78453     142.00314
     -35.71553     142.00314
     -35.64653     142.00314
     -35.57753     142.00314
     -35.50853     142.00314
     -35.43953     142.00314
     -35.37053     142.00314
     -35.30153     142.00314
     -35.23253     142.00314
     -35.16353     142.00314
     -35.09353     142.00314
     -35.02453     142.00314
     -34.95553     142.00314
     -34.88653     142.00314
     -34.81753     142.00314
     -34.74853     142.00314
     -34.67953     142.00314
     -34.61053     142.00314
     -34.54153     142.00314
     -34.47253     142.00314
     -34.40353     142.00314
     -34.33453     142.00314
     -34.26553     142.00314
     -34.19653     142.00314
     -34.12753     142.00314
     -34.05753     142.00314
     -33.98853     142.00314
     -33.91953     142.00314
     -33.85053     142.00314
     -33.78153     142.00314
     -33.71253     142.00314
     -33.64353     142.00314
     -33.57453     142.00314
     -33.50553     142.00314
     -33.43653     142.00314
     -33.36753     142.00314
     -33.29853     142.00314
     -33.22953     142.00314
     -33.16053     142.00314
     -33.09053     142.00314
     -33.02153     142.00314
     -32.95253     142.00314
     -32.88353     142.00314
     -32.81453     142.00314
     -32.74553     142.00314
     -32.67653     142.00314
     -32.60753     142.00314
     -32.53853     142.00319
     -32.46953     142.00512
     -32.40053     142.03922
     -32.33153     142.30974
     -32.26253     143.41484
     -32.19353     146.25980
     -32.12453     151.56706
     -32.05453     159.01271
     -31.98553     167.14559
     -31.91653     174.18926
     -31.84753     178.91634
     -31.77853     181.53751
     -31.70953     182.98175
     -31.64053     183.71063
     -31.57153     183.95680
     -31.50253     184.00030
     -31.43353     184.00379
     -31.36453     184.00391
     -31.29553     184.00391
     -31.22653     184.00391
     -31.15753     184.00391
     -31.08753     184.00391
     -31.01853     184.00391
     -30.94953     184.00391
     -30.88053     184.00391
     -30.81153     184.00391
     -30.74253     184.00391
     -30.67353     184.00391
     -30.60453     184.00391
     -30.53553     184.00391
     -30.46653     184.00391
     -30.39753     184.00391
     -30.32853     184.00391
     -30.25953     184.00391
     -30.19053     184.00391
     -30.12053     184.00391
     -30.05153     184.00391
     -29.98253     184.00391
     -29.91353     184.00391
     -29.84453     184.00391
     -29.77553     184.00391
     -29.70653     184.00391
     -29.63753     184.00391
     -29.56853     184.00391
     -29.49953     184.00391
     -29.43053     184.00391
     -29.36153     184.00391
     -29.29253     184.00391
     -29.22353     184.00391
     -29.15453     184.00391
     -29.08453     184.00391
     -29.01553     184.00391
     -28.94653     184.00391
     -28.87753     184.00391
     -28.80853     184.00391
     -28.73953     184.00391
     -28.67053     184.00391
     -28.60153     184.00391
     -28.53253     184.00391
     -28.46353     184.00391
     -28.39453     184.00391
     -28.32553     184.00391
     -28.25653     184.00391
     -28.18753     184.00391
     -28.11753     184.00391
     -28.04853     184.00391
     -27.97953     184.00391
     -27.91053     184.00391
     -27.84153     184.00391
     -27.77253     184.00391
     -27.70353     184.00391
     -27.63453     184.00391
     -27.56553     184.00391
     -27.49653     184.00391
     -27.42753     184.00391
     -27.35853     184.00391
     -27.28953     184.00391
     -27.22053     184.00391
     -27.15153     184.00391
     -27.08153     184.00391
     -27.01253     184.00391
     -26.94353     184.00391
     -26.87453     184.00391
     -26.80553     184.00391
     -26.73653     184.00391
     -26.66753     184.00391
     -26.59853     184.00391
     -26.52953     184.00391
     -26.46053     184.00391
     -26.39153     184.00391
     -26.32253     184.00391
     -26.25353     184.00391
     -26.18453     184.00391
     -26.11453     184.00391
     -26.04553     184.00391
     -25.97653     184.00391
     -25.90753     184.00391
     -25.83853     184.00391
     -25.76953     184.00391
     -25.70053     184.00391
     -25.63153     184.00391
     -25.56253     184.00391
     -25.49353     184.00391
     -25.42453     184.00391
     -25.35553     184.00391
     -25.28653     184.00391
     -25.21753     184.00391
     -25.14853     184.00391
     -25.07853     184.00391
     -25.00953     184.00391
     -24.94053     184.00391
     -24.87153     184.00391
     -24.80253     184.00391
     -24.73353     184.00391
     -24.66453     184.00391
     -24.59553     184.00391
     -24.52653     184.00391
     -24.45753     184.00391
     -24.38853     184.00391
     -24.31953     184.00391
     -24.25053     184.00391
     -24.18153     184.00391
     -24.11153     184.00391
     -24.04253     184.00391
     -23.97353     184.00391
     -23.90453     184.00391
     -23.83553     184.00391
     -23.76653     184.00391
     -23.69753     184.00391
     -23.62853     184.00391
     -23.55953     184.00391
     -23.49053     184.00391
     -23.42153     184.00391
     -23.35253     184.00391
     -23.28353     184.00391
     -23.21453     184.00391
     -23.14553     184.00391
     -23.07553     184.00391
     -23.00653     184.00391
     -22.93753     184.00391
     -22.86853     184.00391
     -22.79953     184.00391
     -22.73053     184.00391
     -22.66153     184.00391
     -22.59253     184.00391
     -22.52353     184.00391
     -22.45453     184.00391
     -22.38553     184.00391
     -22.31653     184.00391
     -22.24753     184.00391
     -22.17853     184.00391
     -22.10853     184.00391
     -22.03953     184.00391
     -21.97053     184.00391
     -21.90153     184.00391
     -21.83253     184.00391
     -21.76353     184.00391
     -21.69453     184.00391
     -21.62553     184.00391
     -21.55653     184.00391
     -21.48753     184.00391
     -21.41853     184.00391
     -21.34953     184.00391
     -21.28053     184.00391
     -21.21153     184.00391
     -21.14253     184.00391
     -21.07253     184.00391
     -21.00353     184.00391
     -20.93453     184.00391
     -20.86553     184.00391
     -20.79653     184.00391
     -20.72753     184.00391
     -20.65853     184.00391
     -20.58953     184.00391
     -20.52053     184.00391
     -20.45153     184.00391
     -20.38253     184.00391
     -20.31353     184.00391
     -20.24453     184.00391
     -20.17553     184.00391
     -20.10553     184.00391
     -20.03653     184.00391
     -19.96753     184.00391
     -19.89853     184.00391
     -19.82953     184.00391
     -19.76053     184.00391
     -19.69153     184.00391
     -19.62253     184.00391
     -19.55353     184.00391
     -19.48453     184.00391
     -19.41553     184.00391
     -19.34653     184.00391
     -19.27753     184.00391
     -19.20853     184.00391
     -19.13953     184.00391
     -19.06953     184.00391
     -19.00053     184.00391
     -18.93153     184.00391
     -18.86253     184.00391
     -18.79353     184.00391
     -18.72453     184.00391
     -18.65553     184.00391
     -18.58653     184.00391
     -18.51753     184.00391
     -18.44853     184.00391
     -18.37953     184.00391
     -18.31053     184.00391
     -18.24153     184.00391
     -18.17253     184.00391
     -18.10253     184.00391
     -18.03353     184.00391
     -17.96453     184.00391
     -17.89553     184.00391
     -17.82653     184.00391
     -17.75753     184.00391
     -17.68853     184.00391
     -17.61953     184.00391
     -17.55053     184.00391
     -17.48153     184.00391
     -17.41253     184.00391
     -17.34353     184.00391
     -17.27453     184.00391
     -17.20553     184.00391
     -17.13653     184.00391
     -17.06653     184.00391
     -16.99753     184.00396
     -16.92853     184.00500
     -16.85953     184.01600
     -16.79053     184.07595
     -16.72153     184.26068
     -16.65253     184.61562
     -16.58353     185.07828
     -16.51453     185.52140
     -16.44553     185.87158
     -16.37653     186.17178
     -16.30753     186.54065
     -16.23853     187.04016
     -16.16953     187.57907
     -16.09953     188.06518
     -16.03053     188.62229
     -15.96153     189.44303
     -15.89253     190.47907
     -15.82353     191.46261
     -15.75453     192.33254
     -15.68553     193.38757
     -15.61653     194.78069
     -15.54753     196.32404
     -15.47853     197.84460
     -15.40953     199.30644
     -15.34053     200.68402
     -15.27153     201.97838
     -15.20253     203.33075
     -15.13353     204.76255
     -15.06353     206.06969
     -14.99453     207.18930
     -14.92553     208.20116
     -14.85653     209.09491
     -14.78753     209.70268
     -14.71853     209.94933
     -14.64953     209.99946
     -14.58053     210.00408
     -14.51153     210.00426
     -14.44253     210.00427
     -14.37353     210.00427
     -14.30453     210.00427
     -14.23553     210.00427
     -14.16653     210.00427
     -14.09653     210.00427
     -14.02753     210.00427
     -13.95853     210.00427
     -13.88953     210.00427
     -13.82053     210.00427
     -13.75153     210.00427
     -13.68253     210.00431
     -13.61353     210.00529
     -13.54453     210.01629
     -13.47553     210.08050
     -13.40653     210.29327
     -13.33753     210.72294
     -13.26853     211.27180
     -13.19953     211.71484
     -13.13053     211.93317
     -13.06053     211.99652
     -12.99153     212.02446
     -12.92253     212.12837
     -12.85353     212.45085
     -12.78453     213.05628
     -12.71553     213.82329
     -12.64653     214.61931
     -12.57753     215.41671
     -12.50853     216.21550
     -12.43953     217.02775
     -12.37053     217.89249
     -12.30153     218.93336
     -12.23253     220.29851
     -12.16353     221.97275
     -12.09353     223.77511
     -12.02453     225.47179
     -11.95553     226.94676
     -11.88653     228.29464
     -11.81753     229.67706
     -11.74853     231.17378
     -11.67953     232.72335
     -11.61053     234.21628
     -11.54153     235.67156
     -11.47253     237.21180
     -11.40353     238.89087
     -11.33453     240.60551
     -11.26553     242.22242
     -11.19653     243.69842
     -11.12753     244.97620
     -11.05753     245.98461
     -10.98853     246.74527
     -10.91953     247.30787
     -10.85053     247.68478
     -10.78153     247.89130
     -10.71253     247.97587
     -10.64353     247.99963
     -10.57453     248.00383
     -10.50553     248.00425
     -10.43653     248.00428
     -10.36753     248.00428
     -10.29853     248.00428
     -10.22953     248.00428
     -10.16053     248.00428
     -10.09053     248.00428
     -10.02153     248.00428
      -9.95253     248.00428
      -9.88353     248.00428
      -9.81453     248.00428
      -9.74553     248.00428
      -9.67653     248.00428
      -9.60753     248.00428
      -9.53853     248.00428
      -9.46953     248.00428
      -9.40053     248.00428
      -9.33153     248.00428
      -9.26253     248.00428
      -9.19353     248.00428
      -9.12453     248.00428
      -9.05453     248.00428
      -8.98553     248.00428
      -8.91653     248.00428
      -8.84753     248.00429
      -8.77853     248.00449
      -8.70953     248.00608
      -8.64053     248.01397
      -8.57153     248.04119
      -8.50253     248.10851
      -8.43353     248.23280
      -8.36453     248.42067
      -8.29553     248.68507
      -8.22653     249.05024
      -8.15753     249.51476
      -8.08753     250.05212
      -8.01853     250.65937
      -7.94953     251.33062
      -7.88053     252.02684
      -7.81153     252.74377
      -7.74253     253.51838
      -7.67353     254.38900
      -7.60453     255.40950
      -7.53553     256.60715
      -7.46653     257.96022
      -7.39753     259.45142
      -7.32853     261.07074
      -7.25953     262.80023
      -7.19053     264.59395
      -7.12053     266.41323
      -7.05153     268.26739
      -6.98253     270.15091
      -6.91353     272.04271
      -6.84453     273.94418
      -6.77553     275.87466
      -6.70653     277.86350
      -6.63753     279.92522
      -6.56853     282.06014
      -6.49953     284.25619
      -6.43053     286.47953
      -6.36153     288.72082
      -6.29253     291.01115
      -6.22353     293.37953
      -6.15453     295.85358
      -6.08453     298.43158
      -6.01553     301.07589
      -5.94653     303.79272
      -5.87753     306.63664
      -5.80853     309.66947
      -5.73953     312.94817
      -5.67053     316.48175
      -5.60153     320.18696
      -5.53253     323.97298
      -5.46353     327.82945
      -5.39453     331.80368
      -5.32553     335.93919
      -5.25653     340.17935
      -5.18753     344.39739
      -5.11753     348.53290
      -5.04853     352.61247
      -4.97953     356.70067
      -4.91053     360.85344
      -4.84153     365.08945
      -4.77253     369.37726
      -4.70353     373.64262
      -4.63453     377.83580
      -4.56553     381.97338
      -4.49653     386.05916
      -4.42753     390.02097
      -4.35853     393.77280
      -4.28953     397.28047
      -4.22053     400.54398
      -4.15153     403.54435
      -4.08153     406.28915
      -4.01253     408.86681
      -3.94353     411.35226
      -3.87453     413.75275
      -3.80553     416.05586
      -3.73653     418.27505
      -3.66753     420.42552
      -3.59853     422.45477
      -3.52953     424.28268
      -3.46053     425.91271
      -3.39153     427.43154
      -3.32253     428.90547
      -3.25353     430.34073
      -3.18453     431.70173
      -3.11453     432.94498
      -3.04553     434.07149
      -2.97653     435.12100
      -2.90753     436.10454
      -2.83853     436.98690
      -2.76953     437.76703
      -2.70053     438.49709
      -2.63153     439.20053
      -2.56253     439.89049
      -2.49353     440.62780
      -2.42453     441.46285
      -2.35553     442.37283
      -2.28653     443.30216
      -2.21753     444.25393
      -2.14853     445.30136
      -2.07853     446.50109
      -2.00953     447.82964
      -1.94053     449.21723
      -1.87153     450.61692
      -1.80253     452.03111
      -1.73353     453.48087
      -1.66453     454.93339
      -1.59553     456.35241
      -1.52653     457.77144
      -1.45753     459.20186
      -1.38853     460.64298
      -1.31953     462.17356
      -1.25053     463.85780
      -1.18153     465.69642
      -1.11153     467.70115
      -1.04253     469.82883
      -0.97353     471.95615
      -0.90453     474.02443
      -0.83553     476.08683
      -0.76653     478.19240
      -0.69753     480.30591
      -0.62853     482.39214
      -0.55953     484.48286
      -0.49053     486.57497
      -0.42153     488.61976
      -0.35253     490.63761
      -0.28353     492.69483
      -0.21453     494.80973
      -0.14553     496.96744
      -0.07553     499.20148
      -0.00653     501.55363
       0.06247     504.01767
       0.13147     506.60810
       0.20047     509.36983
       0.26947     512.29422
       0.33847     515.31253
       0.40747     518.39785
       0.47647     521.57744
       0.54547     524.87307
       0.61447     528.32342
       0.68347     531.97234
       0.75247     535.80326
       0.82147     539.77231
       0.89147     543.86638
       0.96047     548.05542
       1.02947     552.25965
       1.09847     556.39758
       1.16747     560.43777
       1.23647     564.40061
       1.30547     568.30301
       1.37447     572.12944
       1.44347     575.88473
       1.51247     579.60513
       1.58147     583.29687
       1.65047     586.94303
       1.71947     590.54256
       1.78847     594.08408
       1.85747     597.54271
       1.92747     600.90051
       1.99647     604.15193
       2.06547     607.29216
       2.13447     610.25280
       2.20347     612.92647
       2.27247     615.26411
       2.34147     617.28300
       2.41047     619.03735
       2.47947     620.58485
       2.54847     621.91857
       2.61747     622.94666
       2.68647     623.58832
       2.75547     623.88621
       2.82447     623.98215
       2.89447     624.00219
       2.96347     624.00472
       3.03247     624.00490
       3.10147     624.00491
       3.17047     624.00491
       3.23947     624.00491
       3.30847     624.00491
       3.37747     624.00491
